1 0.40533967391304343 0.08954326923076923 0.08152173913043478 0.15824519230769227
1 0.6340625 0.2868509615384615 0.12228260869565218 0.16826923076923078
1 0.9607065217391305 0.38502403846153843 0.0690624999999999 0.1201923076923077
1 0.6725543478260869 0.1466346153846154 0.0905842391304348 0.1161778846153846
1 0.3923233695652174 0.5452644230769231 0.07585597826086962 0.09213942307692304
1 0.32778532608695654 0.5472836538461539 0.060013586956521724 0.09615384615384616
1 0.13020380434782608 0.5432692307692307 0.07020380434782607 0.0881490384615385
1 0.8757880434782609 0.4971875 0.07133152173913043 0.11218750000000004
1 0.4812092391304348 0.6484375 0.0566168478260869 0.09014423076923077
1 0.8101222826086957 0.20072115384615385 0.10077445652173923 0.1201923076923077
1 0.25758152173913046 0.5082211538461539 0.057744565217391304 0.10216346153846154