1 0.685570652173913 0.26281249999999995 0.07585597826086962 0.0881490384615385
1 0.5174320652173913 0.2808413461538461 0.05887228260869571 0.08413461538461539
1 0.3923233695652174 0.2618269230769231 0.06001358695652168 0.08612980769230766
1 0.4670516304347826 0.1306009615384615 0.04868206521739136 0.09213942307692305
1 0.042459239130434784 0.2848557692307692 0.06453804347826086 0.08413461538461539
1 0.39289402173913046 0.5482692307692308 0.045285326086956575 0.08612980769230766
1 0.6068885869565218 0.3760096153846154 0.0566168478260869 0.08612980769230766
1 0.5044157608695652 0.7025240384615384 0.039633152173912986 0.07411057692307702
1 0.8152173913043478 0.04427884615384619 0.05661684782608706 0.08853365384615385
1 0.9789402173913043 0.42908653846153844 0.042119565217391304 0.0889423076923077
1 0.19701086956521738 0.5933413461538461 0.052078804347826066 0.05608173076923073