1 0.314429347826087 0.26281249999999995 0.07585597826086958 0.0881490384615385
1 0.48256793478260873 0.2808413461538461 0.05887228260869571 0.08413461538461539
1 0.6076766304347826 0.2618269230769231 0.06001358695652168 0.08612980769230766
1 0.5329483695652174 0.1306009615384615 0.04868206521739136 0.09213942307692305
1 0.9575407608695652 0.2848557692307692 0.06453804347826086 0.08413461538461539
1 0.6071059782608695 0.5482692307692308 0.045285326086956575 0.08612980769230766
1 0.39311141304347824 0.3760096153846154 0.0566168478260869 0.08612980769230766
1 0.49558423913043476 0.7025240384615384 0.039633152173912986 0.07411057692307702
1 0.18478260869565216 0.04427884615384619 0.05661684782608698 0.08853365384615385
1 0.020380434782608696 0.42908653846153844 0.04076086956521739 0.0889423076923077
1 0.8029891304347826 0.5933413461538461 0.05207880434782599 0.05608173076923073