1 0.685570652173913 0.7371875 0.07585597826086957 0.08814903846153846
1 0.5174320652173913 0.7191586538461539 0.05887228260869565 0.08413461538461539
1 0.3923233695652174 0.7381730769230769 0.060013586956521744 0.08612980769230769
1 0.4670516304347826 0.8693990384615385 0.0486820652173913 0.09213942307692308
1 0.042459239130434784 0.7151442307692307 0.06453804347826086 0.08413461538461539
1 0.39289402173913046 0.4517307692307692 0.04528532608695652 0.08612980769230769
1 0.6068885869565218 0.6239903846153846 0.05661684782608696 0.08612980769230769
1 0.5044157608695652 0.29747596153846156 0.03963315217391305 0.07411057692307692
1 0.8152173913043478 0.9557211538461539 0.05661684782608696 0.08853365384615385
1 0.9795108695652174 0.5699038461538461 0.04099184782608696 0.09014423076923077
1 0.19701086956521738 0.4066586538461538 0.05207880434782609 0.056081730769230766