1 0.7619972826086957 0.8443509615384616 0.09283967391304347 0.1542548076923077
1 0.6012228260869565 0.9094471153846153 0.07699728260869565 0.14824519230769231
1 0.5315896739130435 0.8793990384615384 0.060013586956521744 0.15223557692307693
1 0.7008559782608696 0.6380288461538461 0.07925271739130435 0.13021634615384617
1 0.6346195652173913 0.639014423076923 0.06453804347826086 0.12420673076923078
1 0.7806793478260871 0.4387019230769231 0.09171195652173914 0.08814903846153846
1 0.8061548913043479 0.7542067307692307 0.06341032608695653 0.13420673076923076
1 0.9273097826086957 0.09716346153846155 0.06566576086956522 0.09814903846153845
1 0.5621603260869565 0.20834134615384617 0.06453804347826086 0.07211538461538461
1 0.31759510869565216 0.20533653846153846 0.057744565217391304 0.078125
1 0.35665760869565216 0.3816105769230769 0.06793478260869565 0.08213942307692308