1 0.40533967391304343 0.9104567307692307 0.08152173913043478 0.1582451923076923
1 0.6340625 0.7131490384615385 0.12228260869565218 0.16826923076923078
1 0.9607065217391305 0.6149759615384616 0.0690625 0.1201923076923077
1 0.6725543478260869 0.8533653846153846 0.09058423913043478 0.11617788461538461
1 0.3923233695652174 0.45473557692307687 0.07585597826086957 0.09213942307692308
1 0.32778532608695654 0.4527163461538462 0.060013586956521744 0.09615384615384616
1 0.13020380434782608 0.4567307692307692 0.0702038043478261 0.08814903846153846
1 0.8757880434782609 0.5028125 0.07133152173913043 0.11218750000000001
1 0.4812092391304348 0.3515625 0.05661684782608696 0.09014423076923077
1 0.8101222826086957 0.7992788461538461 0.10077445652173914 0.1201923076923077
1 0.25758152173913046 0.4917788461538462 0.057744565217391304 0.10216346153846154