1 0.2461290322580645 0.7261538461538461 0.09239919354838709 0.11016826923076922
1 0.5972782258064516 0.39262019230769235 0.055443548387096774 0.10415865384615385
1 0.8123387096774194 0.33653846153846156 0.06889112903225807 0.10415865384615385
1 0.8610483870967741 0.25841346153846156 0.07223790322580645 0.11218750000000001
1 0.7123588709677419 0.5779326923076923 0.08401209677419355 0.10617788461538462
1 0.6182862903225806 0.5689182692307692 0.08401209677419355 0.12819711538461537
1 0.8417338709677419 0.6840865384615384 0.07393145161290322 0.10617788461538462
1 0.965383064516129 0.37259615384615385 0.06921370967741935 0.15223557692307693
1 0.8912903225806451 0.3836057692307693 0.058810483870967746 0.10216346153846154
1 0.9290927419354839 0.21435096153846153 0.05040322580645161 0.10817307692307693
1 0.9712701612903226 0.6800961538461539 0.057459677419354836 0.08213942307692308