1 0.7538709677419355 0.7261538461538461 0.09239919354838717 0.11016826923076933
1 0.4027217741935484 0.39262019230769235 0.055443548387096774 0.1041586538461538
1 0.1876612903225806 0.33653846153846156 0.0688911290322581 0.1041586538461538
1 0.13895161290322583 0.25841346153846156 0.07223790322580644 0.11218750000000004
1 0.2876411290322581 0.5779326923076923 0.08401209677419358 0.10617788461538466
1 0.3817137096774193 0.5689182692307692 0.08401209677419358 0.12819711538461534
1 0.15826612903225806 0.6840865384615384 0.07393145161290324 0.10617788461538452
1 0.034616935483871 0.37259615384615385 0.06921370967741935 0.15223557692307688
1 0.10870967741935487 0.3836057692307693 0.05881048387096776 0.10216346153846154
1 0.07090725806451616 0.21435096153846153 0.05040322580645161 0.10817307692307693
1 0.028729838709677418 0.6800961538461539 0.057459677419354836 0.08213942307692298