2 0.734266304347826 0.30487980769230766 0.12115489130434785 0.2604086538461538
2 0.7704891304347826 0.7115384615384616 0.1075679347826088 0.27242788461538464
2 0.9279891304347826 0.7043269230769231 0.14402173913043478 0.12980769230769232
2 0.9291168478260871 0.8147115384615385 0.14175271739130424 0.09814903846153857
2 0.4829076086956522 0.40004807692307687 0.18229619565217386 0.07012019230769234
2 0.4998913043478261 0.2588221153846154 0.07585597826086962 0.18028846153846154
2 0.15512228260869568 0.2127403846153846 0.0815217391304348 0.1522355769230769
2 0.2626766304347826 0.6284134615384614 0.06114130434782609 0.09415865384615382
2 0.49819293478260873 0.8036778846153846 0.14718750000000005 0.0801201923076924
2 0.2105978260869565 0.5052163461538461 0.08379076086956525 0.1242067307692308
2 0.2858967391304348 0.38901442307692313 0.06906249999999999 0.10817307692307693
2 0.5819701086956521 0.5843269230769231 0.06341032608695647 0.17829326923076927
1 0.33967391304347827 0.30487980769230766 0.10869565217391304 0.15223557692307688
1 0.2156929347826087 0.5693028846153847 0.0736005434782609 0.09213942307692304
3 0.6068885869565218 0.7465865384615384 0.04982336956521734 0.11016826923076933
1 0.6436820652173914 0.8016826923076923 0.06001358695652168 0.06411057692307683
3 0.9551630434782609 0.3940384615384615 0.08967391304347826 0.2824519230769231
3 0.6221739130434782 0.06129807692307692 0.14379076086956527 0.12259615384615384
3 0.6068885869565218 0.22776442307692307 0.1313451086956521 0.22235576923076922
3 0.4223233695652174 0.14963942307692307 0.1200135869565218 0.2504086538461539
3 0.25362771739130435 0.21574519230769232 0.0905842391304348 0.15824519230769227
3 0.17945652173913046 0.36399038461538463 0.1324728260869565 0.11819711538461543
3 0.04585597826086957 0.3629807692307692 0.09171195652173914 0.15625
3 0.5038451086956521 0.5102163461538461 0.09283967391304353 0.13822115384615385
3 0.7586005434782609 0.48817307692307693 0.1268070652173913 0.13420673076923073
3 0.6527445652173913 0.5773317307692307 0.078125 0.18028846153846148
3 0.30740489130434784 0.5022115384615384 0.08039402173913046 0.09415865384615388
3 0.45516304347826086 0.6664663461538461 0.08604619565217397 0.15425480769230765
3 0.36345108695652173 0.5973557692307693 0.0928396739130435 0.1482451923076923
3 0.15964673913043478 0.6674759615384614 0.11322010869565215 0.09615384615384616
3 0.1171875 0.5202403846153846 0.09623641304347824 0.1302163461538462
3 0.3475951086956522 0.7596153846153846 0.11322010869565215 0.1121874999999999
3 0.6980298913043478 0.868798076923077 0.06453804347826086 0.11016826923076933