3 0.4127038043478261 0.8603846153846154 0.13699728260869565 0.21033653846153846
3 0.2530570652173913 0.7832451923076923 0.08944293478260869 0.14824519230769231
3 0.18059782608695651 0.6460336538461539 0.09398097826086957 0.09814903846153845
3 0.042459239130434784 0.6109855769230769 0.08491847826086957 0.17228365384615385
3 0.6063179347826086 0.8335336538461539 0.12115489130434783 0.29286057692307693
3 0.5095108695652174 0.4797596153846154 0.11775815217391304 0.14622596153846154
3 0.7535054347826088 0.511826923076923 0.10529891304347826 0.1622596153846154
3 0.9540353260869565 0.6009615384615384 0.0919429347826087 0.24439903846153846
3 0.39572010869565216 0.38961538461538464 0.17775815217391305 0.17026442307692308
3 0.6544429347826087 0.11819711538461539 0.15851902173913043 0.11617788461538461
3 0.8678668478260869 0.33853365384615386 0.08491847826086957 0.1201923076923077
3 0.6023505434782609 0.24139423076923078 0.07699728260869565 0.11016826923076922
3 0.15342391304347827 0.33754807692307687 0.12115489130434783 0.1141826923076923
3 0.12907608695652173 0.4887740384615385 0.10869565217391304 0.10415865384615385
2 0.7365217391304348 0.7091346153846154 0.11888586956521739 0.25240384615384615
2 0.4857336956521739 0.6580528846153846 0.15851902173913043 0.20233173076923078
2 0.14605978260869565 0.8002884615384616 0.10417119565217392 0.1582451923076923
2 0.2813586956521739 0.6189903846153846 0.10302989130434782 0.15223557692307693
2 0.2524864130434783 0.38060096153846157 0.08831521739130435 0.16026442307692307
2 0.18682065217391305 0.5398557692307693 0.0702038043478261 0.1141826923076923
2 0.734266304347826 0.20533653846153846 0.11661684782608696 0.07411057692307692
2 0.5304619565217391 0.20733173076923078 0.06453804347826086 0.09415865384615385
2 0.7716304347826086 0.3125 0.12341032608695653 0.17627403846153847
2 0.9561820652173914 0.3054807692307692 0.078125 0.10617788461538462
1 0.3458967391304348 0.6951201923076924 0.11888586956521739 0.14021634615384615
1 0.36514945652173914 0.5809375 0.0486820652173913 0.04807692307692308
3 0.6402853260869565 0.4326923076923077 0.09623641304347826 0.14021634615384615
3 0.34024456521739127 0.229375 0.14153532608695651 0.10216346153846154