3 0.587296195652174 0.13961538461538459 0.1369972826086957 0.21033653846153846
3 0.7469429347826086 0.21675480769230773 0.08944293478260859 0.14824519230769234
3 0.8194021739130435 0.35396634615384615 0.09398097826086967 0.09814903846153843
3 0.9575407608695652 0.38901442307692313 0.08491847826086957 0.17228365384615388
3 0.3936820652173913 0.16646634615384615 0.12115489130434781 0.2928605769230769
3 0.4904891304347826 0.5202403846153846 0.11775815217391299 0.1462259615384615
3 0.24649456521739124 0.48817307692307693 0.10529891304347826 0.1622596153846154
3 0.04551630434782609 0.39783653846153844 0.09103260869565218 0.24278846153846154
3 0.6042798913043478 0.6103846153846153 0.1777581521739131 0.17026442307692305
3 0.34555706521739127 0.8818028846153846 0.1585190217391304 0.11617788461538471
3 0.13213315217391305 0.661466346153846 0.08491847826086957 0.1201923076923077
3 0.39764945652173916 0.7586057692307692 0.0769972826086956 0.11016826923076933
3 0.8465760869565218 0.6624519230769231 0.12115489130434792 0.1141826923076923
3 0.8709239130434783 0.5112259615384616 0.10869565217391304 0.1041586538461538
2 0.26347826086956516 0.29086538461538464 0.11888586956521739 0.25240384615384615
2 0.514266304347826 0.34194711538461536 0.15851902173913038 0.2023317307692308
2 0.8539402173913043 0.1997115384615384 0.10417119565217402 0.15824519230769227
2 0.718641304347826 0.38100961538461536 0.10302989130434781 0.15223557692307688
2 0.7475135869565217 0.6193990384615383 0.08831521739130435 0.16026442307692304
2 0.8131793478260869 0.4601442307692307 0.07020380434782618 0.1141826923076923
2 0.265733695652174 0.7946634615384615 0.11661684782608693 0.07411057692307702
2 0.46953804347826084 0.7926682692307693 0.06453804347826086 0.09415865384615375
2 0.22836956521739135 0.6875 0.1234103260869565 0.1762740384615385
2 0.043817934782608696 0.6945192307692308 0.078125 0.10617788461538452
1 0.6541032608695652 0.30487980769230766 0.11888586956521739 0.14021634615384612
1 0.6348505434782609 0.4190625 0.04868206521739136 0.04807692307692308
3 0.35971467391304346 0.5673076923076923 0.09623641304347828 0.14021634615384618
3 0.6597554347826088 0.770625 0.14153532608695654 0.10216346153846154