2 0.265733695652174 0.30487980769230766 0.12115489130434785 0.2604086538461538
2 0.22951086956521732 0.7115384615384616 0.10756793478260872 0.27242788461538464
2 0.07133152173913043 0.7043269230769231 0.14266304347826086 0.12980769230769232
2 0.07088315217391299 0.8147115384615385 0.14175271739130432 0.09814903846153857
2 0.5170923913043478 0.40004807692307687 0.18229619565217386 0.07012019230769234
2 0.5001086956521739 0.2588221153846154 0.07585597826086962 0.18028846153846154
2 0.8448777173913044 0.2127403846153846 0.08152173913043478 0.1522355769230769
2 0.7373233695652174 0.6284134615384614 0.06114130434782609 0.09415865384615382
2 0.5018070652173913 0.8036778846153846 0.14718750000000005 0.0801201923076924
2 0.7894021739130435 0.5052163461538461 0.08379076086956531 0.1242067307692308
2 0.7141032608695653 0.38901442307692313 0.06906249999999999 0.10817307692307693
2 0.41802989130434787 0.5843269230769231 0.06341032608695647 0.17829326923076927
1 0.6603260869565217 0.30487980769230766 0.10869565217391304 0.15223557692307688
1 0.7843070652173914 0.5693028846153847 0.07360054347826096 0.09213942307692304
3 0.39311141304347824 0.7465865384615384 0.04982336956521734 0.11016826923076933
1 0.3563179347826087 0.8016826923076923 0.060013586956521724 0.06411057692307683
3 0.04483695652173913 0.3940384615384615 0.08967391304347826 0.2824519230769231
3 0.3778260869565217 0.06129807692307692 0.14379076086956524 0.12259615384615384
3 0.39311141304347824 0.22776442307692307 0.13134510869565216 0.22235576923076922
3 0.5776766304347827 0.14963942307692307 0.1200135869565218 0.2504086538461539
3 0.7463722826086957 0.21574519230769232 0.09058423913043488 0.15824519230769227
3 0.8205434782608695 0.36399038461538463 0.1324728260869565 0.11819711538461543
3 0.9541440217391305 0.3629807692307692 0.09171195652173914 0.15625
3 0.49615489130434787 0.5102163461538461 0.09283967391304353 0.13822115384615385
3 0.24139945652173908 0.48817307692307693 0.1268070652173913 0.13420673076923073
3 0.3472554347826087 0.5773317307692307 0.078125 0.18028846153846148
3 0.6925951086956522 0.5022115384615384 0.08039402173913046 0.09415865384615388
3 0.5448369565217391 0.6664663461538461 0.08604619565217397 0.15425480769230765
3 0.6365489130434783 0.5973557692307693 0.09283967391304353 0.1482451923076923
3 0.8403532608695652 0.6674759615384614 0.11322010869565208 0.09615384615384616
3 0.8828125 0.5202403846153846 0.09623641304347816 0.1302163461538462
3 0.6524048913043478 0.7596153846153846 0.11322010869565215 0.1121874999999999
3 0.30197010869565216 0.868798076923077 0.06453804347826086 0.11016826923076933