2 0.734266304347826 0.6951201923076924 0.12115489130434783 0.26040865384615386
2 0.7704891304347826 0.28846153846153844 0.1075679347826087 0.2724278846153846
2 0.9285597826086956 0.29447115384615385 0.14289402173913043 0.12819711538461537
2 0.9291168478260871 0.18528846153846154 0.14175271739130435 0.09814903846153845
2 0.4829076086956522 0.5999519230769231 0.1822961956521739 0.07012019230769231
2 0.4998913043478261 0.7411778846153846 0.07585597826086957 0.18028846153846154
2 0.15512228260869565 0.7872596153846154 0.08152173913043478 0.15223557692307693
2 0.2626766304347826 0.3715865384615385 0.06114130434782609 0.09415865384615385
2 0.49819293478260873 0.1963221153846154 0.1471875 0.08012019230769231
2 0.2105978260869565 0.49478365384615386 0.08379076086956522 0.12420673076923078
2 0.2858967391304348 0.6109855769230769 0.0690625 0.10817307692307693
2 0.5819701086956521 0.41567307692307687 0.06341032608695653 0.17829326923076924
1 0.33967391304347827 0.6951201923076924 0.10869565217391304 0.15223557692307693
1 0.2156929347826087 0.43069711538461536 0.07360054347826087 0.09213942307692308
3 0.6068885869565218 0.25341346153846156 0.04982336956521739 0.11016826923076922
1 0.6436820652173914 0.19831730769230768 0.060013586956521744 0.06411057692307692
3 0.9551630434782609 0.6059615384615384 0.08967391304347826 0.2824519230769231
3 0.6221739130434782 0.9387019230769231 0.14379076086956522 0.12259615384615384
3 0.6068885869565218 0.7722355769230769 0.13134510869565216 0.22235576923076922
3 0.4223233695652174 0.8503605769230769 0.12001358695652174 0.25040865384615385
3 0.25362771739130435 0.7842548076923077 0.09058423913043478 0.1582451923076923
3 0.17945652173913046 0.6360096153846153 0.1324728260869565 0.11819711538461539
3 0.04585597826086957 0.6370192307692307 0.09171195652173914 0.15625
3 0.5038451086956521 0.48978365384615385 0.09283967391304347 0.13822115384615385
3 0.7586005434782609 0.511826923076923 0.1268070652173913 0.13420673076923076
3 0.6527445652173913 0.4226682692307693 0.078125 0.18028846153846154
3 0.30740489130434784 0.49778846153846157 0.08039402173913043 0.09415865384615385
3 0.45516304347826086 0.33353365384615385 0.0860461956521739 0.1542548076923077
3 0.36345108695652173 0.4026442307692308 0.09283967391304347 0.14824519230769231
3 0.15964673913043478 0.3325240384615385 0.11322010869565217 0.09615384615384616
3 0.1171875 0.4797596153846154 0.09623641304347826 0.13021634615384617
3 0.3475951086956522 0.2403846153846154 0.11322010869565217 0.11218750000000001
3 0.6980298913043478 0.13120192307692308 0.06453804347826086 0.11016826923076922