3 0.5114402173913044 0.8012740384615384 0.26607336956521743 0.3926201923076924
3 0.25214673913043484 0.11617788461538461 0.15737771739130432 0.19230769230769232
3 0.4859646739130435 0.24939903846153846 0.16983695652173914 0.17427884615384615
3 0.7378804347826088 0.059086538461538454 0.11888586956521739 0.11016826923076922
2 0.7084510869565217 0.44370192307692313 0.17550271739130438 0.2744471153846154
2 0.3795244565217391 0.49980769230769223 0.33740489130434786 0.282451923076923
2 0.9069293478260869 0.21033653846153846 0.18614130434782608 0.40625
2 0.6920244565217392 0.21634615384615385 0.2264538043478261 0.18430288461538466
2 0.5 0.06490384615384616 0.3179347826086957 0.12980769230769232
2 0.3155570652173913 0.25841346153846156 0.14153532608695651 0.18430288461538466
2 0.10258152173913043 0.23036057692307688 0.20516304347826086 0.20432692307692304
2 0.18478260869565216 0.7904567307692307 0.20380434782608695 0.4190625000000001
2 0.7051630434782609 0.8161057692307693 0.11956521739130435 0.36778846153846156