3 0.48855978260869565 0.1987259615384616 0.26607336956521743 0.3926201923076924
3 0.7478532608695652 0.8838221153846154 0.15737771739130432 0.19230769230769232
3 0.5140353260869565 0.7506009615384616 0.16983695652173914 0.17427884615384615
3 0.26211956521739127 0.9409134615384616 0.11888586956521739 0.11016826923076933
2 0.2915489130434783 0.5562980769230769 0.17550271739130438 0.2744471153846154
2 0.6204755434782608 0.5001923076923078 0.33740489130434786 0.28245192307692313
2 0.09239130434782608 0.7872596153846154 0.18478260869565216 0.40625
2 0.30797554347826084 0.7836538461538461 0.2264538043478261 0.18430288461538452
2 0.4986413043478261 0.9338942307692307 0.3179347826086957 0.13221153846153846
2 0.6844429347826086 0.7415865384615384 0.14153532608695654 0.18430288461538452
2 0.8974184782608695 0.7696394230769231 0.20516304347826086 0.20432692307692307
2 0.8152173913043478 0.20954326923076927 0.20380434782608695 0.4190625000000001
2 0.29347826086956524 0.18269230769230768 0.11956521739130435 0.36538461538461536