2 0.9393070652173914 0.5408653846153846 0.12137228260869565 0.19230769230769232
2 0.7721875 0.2814423076923077 0.13813858695652173 0.1903125
2 0.6334918478260869 0.1171875 0.08264945652173913 0.21435096153846153
2 0.6991576086956522 0.41466346153846156 0.13020380434782608 0.2323798076923077
2 0.8979891304347826 0.8385336538461539 0.20403532608695651 0.32290865384615386
1 0.15455163043478262 0.07211538461538461 0.17323369565217392 0.14423076923076922
1 0.5276222826086956 0.1582451923076923 0.18115489130434784 0.20834134615384617
1 0.525366847826087 0.3706009615384615 0.19701086956521738 0.18430288461538463
3 0.5989538043478261 0.7564182692307693 0.3328804347826087 0.4871875
3 0.29099184782608695 0.7321634615384615 0.28759510869565214 0.5348557692307693
3 0.9042119565217391 0.18430288461538463 0.19157608695652173 0.3685817307692308