3 0.2198777173913044 0.5268509615384614 0.14266304347826086 0.22836538461538455
3 0.23970108695652168 0.2714423076923077 0.1324728260869565 0.19031249999999997
3 0.8063858695652174 0.4226682692307693 0.16077445652173902 0.1882932692307692
3 0.13722826086956522 0.3996394230769231 0.13360054347826084 0.19831730769230768
3 0.5510597826086956 0.4096634615384615 0.12115489130434777 0.18629807692307693
2 0.6252309782608696 0.7201442307692307 0.35552989130434776 0.1903124999999999
2 0.6773097826086957 0.5739182692307693 0.2921195652173913 0.1502403846153846
2 0.9680706521739131 0.7548076923076923 0.06385869565217392 0.47596153846153844
2 0.6586277173913043 0.21935096153846154 0.17775815217391303 0.2023317307692308
2 0.46274456521739127 0.31449519230769235 0.14153532608695646 0.21233173076923073
2 0.43047554347826084 0.12519230769230769 0.1358695652173913 0.12620192307692307
2 0.5431385869565217 0.08213942307692308 0.08264945652173919 0.12819711538461537
2 0.296875 0.06490384615384616 0.09646739130434782 0.12980769230769232
2 0.19667119565217392 0.09014423076923077 0.10077445652173915 0.15625
1 0.1208152173913043 0.14524038461538463 0.09850543478260869 0.11016826923076925