2 0.06069293478260864 0.45913461538461536 0.12137228260869563 0.19230769230769232
2 0.22781249999999995 0.7185576923076924 0.13813858695652176 0.1903124999999999
2 0.366508152173913 0.8828125 0.08264945652173915 0.21435096153846145
2 0.30084239130434776 0.5853365384615384 0.1302038043478261 0.23237980769230765
2 0.10190217391304347 0.16105769230769232 0.20380434782608695 0.32211538461538464
1 0.8454483695652174 0.9278846153846154 0.17323369565217392 0.14423076923076922
1 0.47237771739130435 0.8417548076923077 0.1811548913043479 0.20834134615384606
1 0.474633152173913 0.6293990384615386 0.19701086956521738 0.18430288461538458
3 0.4001358695652174 0.24278846153846154 0.3328804347826087 0.4855769230769231
3 0.7090081521739131 0.2678365384615385 0.2875951086956522 0.5348557692307693
3 0.09578804347826086 0.8156971153846153 0.19157608695652173 0.36858173076923084