1 0.7387907608695652 0.22235576923076922 0.09171195652173914 0.14824519230769231
1 0.6306657608695653 0.21735576923076924 0.08831521739130435 0.13021634615384617
1 0.40138586956521743 0.4406971153846154 0.1075679347826087 0.07211538461538461
1 0.11548913043478261 0.8042788461538461 0.10190217391304347 0.20233173076923078
1 0.2304076086956522 0.78125 0.1075679347826087 0.26040865384615386
1 0.3391032608695652 0.6430288461538461 0.08039402173913043 0.17627403846153847
1 0.4438451086956522 0.8673798076923076 0.23777173913043478 0.24838942307692308
1 0.6431114130434782 0.7572115384615384 0.1449320652173913 0.24439903846153846
2 0.4353532608695652 0.5959615384615384 0.11888586956521739 0.25040865384615385
3 0.7484103260869566 0.639014423076923 0.12907608695652173 0.2363701923076923
3 0.8220108695652174 0.8725961538461539 0.18569293478260868 0.2548076923076923
3 0.9710190217391304 0.5098076923076923 0.05797554347826087 0.22235576923076922
2 0.8780570652173914 0.6991105769230769 0.15058423913043478 0.13221153846153846
4 0.8638994565217392 0.2854567307692308 0.13813858695652173 0.18228365384615383
4 0.6153804347826087 0.3515625 0.16417119565217392 0.13822115384615385