1 0.1253396739130435 0.4601442307692307 0.16644021739130435 0.25841346153846156
1 0.44915760869565213 0.2057211538461538 0.18908967391304343 0.29045673076923073
1 0.7146739130434783 0.26281249999999995 0.16304347826086957 0.23237980769230773
1 0.6405163043478261 0.5883413461538461 0.11888586956521748 0.14622596153846157
1 0.743546195652174 0.453125 0.14605978260869565 0.1362259615384616
1 0.787703804347826 0.6454326923076923 0.10529891304347826 0.16026442307692304
1 0.5182336956521739 0.6905048076923077 0.10302989130434788 0.13021634615384606
1 0.954483695652174 0.3269230769230769 0.09103260869565218 0.19230769230769232
1 0.180258152173913 0.9318990384615385 0.07472826086956522 0.09615384615384616
1 0.44406249999999997 0.8197115384615384 0.12228260869565218 0.18829326923076933
1 0.04551630434782609 0.8377403846153846 0.09103260869565218 0.15144230769230768
1 0.9586684782608696 0.6644711538461537 0.08264945652173904 0.2543990384615385
1 0.7033559782608695 0.740576923076923 0.08379076086956525 0.10216346153846154
1 0.8635597826086957 0.6975240384615385 0.10077445652173923 0.09615384615384616
1 0.8601630434782609 0.9509134615384615 0.08491847826086957 0.0861298076923078
2 0.5901222826086956 0.22074519230769227 0.08831521739130435 0.3806009615384616
2 0.28158967391304346 0.6484375 0.1324728260869565 0.15425480769230765
3 0.4604891304347826 0.44711538461538464 0.13926630434782608 0.12819711538461534
3 0.28441576086956527 0.44711538461538464 0.15172554347826087 0.2243509615384615
3 0.4157608695652174 0.5783173076923077 0.10869565217391304 0.13420673076923073
3 0.8967391304347826 0.12740384615384615 0.20652173913043478 0.2548076923076923
3 0.626358695652174 0.8447596153846154 0.12455163043478255 0.22235576923076922
3 0.8092119565217392 0.8056971153846154 0.13926630434782608 0.12819711538461548
1 0.2425271739130435 0.7916586538461539 0.09963315217391303 0.10415865384615394