3 0.48855978260869565 0.8012740384615384 0.26607336956521743 0.39262019230769235
3 0.7478532608695652 0.11617788461538461 0.15737771739130435 0.19230769230769232
3 0.5140353260869565 0.24939903846153846 0.16983695652173914 0.17427884615384615
3 0.26211956521739127 0.059086538461538454 0.11888586956521739 0.11016826923076922
2 0.2915489130434783 0.44370192307692313 0.17550271739130432 0.2744471153846154
2 0.6204755434782608 0.4998076923076923 0.33740489130434786 0.2824519230769231
2 0.09283967391304347 0.21134615384615385 0.18569293478260868 0.4066586538461538
2 0.30797554347826084 0.21634615384615385 0.22645380434782608 0.18430288461538463
2 0.499320652173913 0.06509615384615385 0.31702445652173916 0.13021634615384617
2 0.6844429347826086 0.25841346153846156 0.14153532608695651 0.18430288461538463
2 0.8974184782608695 0.23036057692307693 0.20516304347826086 0.20432692307692307
2 0.8152173913043478 0.7904567307692307 0.20380434782608695 0.4190625
2 0.2943885869565217 0.8165144230769231 0.12001358695652174 0.3669951923076923