1 0.26120923913043476 0.7776442307692307 0.09171195652173914 0.1482451923076922
1 0.3693342391304348 0.7826442307692307 0.08831521739130435 0.13021634615384606
1 0.5986141304347826 0.5593028846153846 0.10756793478260863 0.07211538461538461
1 0.8845108695652174 0.19572115384615388 0.10190217391304347 0.2023317307692308
1 0.7695923913043478 0.21875 0.1075679347826088 0.2604086538461538
1 0.6608967391304347 0.35697115384615385 0.08039402173913046 0.1762740384615384
1 0.5561548913043478 0.13262019230769234 0.23777173913043478 0.24838942307692305
1 0.35688858695652176 0.24278846153846154 0.1449320652173913 0.2443990384615385
2 0.5646467391304347 0.40403846153846157 0.11888586956521739 0.2504086538461539
3 0.25158967391304343 0.360985576923077 0.12907608695652173 0.23637019230769227
3 0.17798913043478262 0.12740384615384615 0.18569293478260865 0.2548076923076923
3 0.028532608695652172 0.4891826923076923 0.057065217391304345 0.22355769230769232
2 0.12194293478260869 0.3008894230769231 0.15058423913043475 0.13221153846153846
4 0.1361005434782608 0.7145432692307693 0.13813858695652176 0.18228365384615394
4 0.38461956521739127 0.6484375 0.16417119565217392 0.13822115384615385