1 0.7687907608695653 0.09415865384615385 0.16304347826086957 0.17627403846153847
1 0.9483695652173914 0.7612259615384616 0.10326086956521739 0.3405528846153846
1 0.3408016304347826 0.06509615384615385 0.09510869565217392 0.08213942307692308
3 0.19021739130434784 0.7101442307692308 0.19248641304347824 0.29447115384615385
3 0.15907608695652173 0.28444711538461537 0.13699728260869565 0.18028846153846154
3 0.408179347826087 0.32651442307692313 0.10982336956521739 0.16425480769230769
3 0.490258152173913 0.11918269230769231 0.11548913043478261 0.14223557692307692
3 0.8231385869565218 0.4216826923076923 0.19701086956521738 0.2824519230769231
2 0.32778532608695654 0.18028846153846154 0.19813858695652176 0.1201923076923077
2 0.19361413043478262 0.14021634615384615 0.13813858695652173 0.10415865384615385
1 0.07925271739130435 0.13221153846153846 0.09510869565217392 0.12819711538461537
4 0.5916032608695653 0.3605769230769231 0.24343749999999997 0.5168269230769231