2 0.9393070652173914 0.45913461538461536 0.12137228260869555 0.19230769230769232
2 0.7721875 0.7185576923076924 0.13813858695652184 0.1903124999999999
2 0.6334918478260869 0.8828125 0.08264945652173919 0.21435096153846145
2 0.6991576086956522 0.5853365384615384 0.13020380434782605 0.23237980769230765
2 0.8974184782608695 0.16105769230769232 0.20516304347826086 0.32211538461538464
1 0.15455163043478262 0.9278846153846154 0.17323369565217392 0.14423076923076922
1 0.5276222826086956 0.8417548076923077 0.1811548913043479 0.20834134615384606
1 0.525366847826087 0.6293990384615386 0.19701086956521738 0.18430288461538458
3 0.5985054347826086 0.24278846153846154 0.3328804347826087 0.4855769230769231
3 0.29099184782608695 0.2678365384615385 0.2875951086956522 0.5348557692307693
3 0.9042119565217391 0.8156971153846153 0.19157608695652173 0.36858173076923084