1 0.7687907608695653 0.9058413461538461 0.16304347826086957 0.17627403846153855
1 0.9483695652173914 0.2387740384615384 0.10326086956521739 0.3405528846153845
1 0.3408016304347827 0.9349038461538461 0.09510869565217395 0.08213942307692298
3 0.19021739130434784 0.28985576923076917 0.19248641304347822 0.29447115384615385
3 0.15907608695652173 0.7155528846153847 0.13699728260869568 0.18028846153846154
3 0.408179347826087 0.6734855769230769 0.10982336956521745 0.1642548076923077
3 0.490258152173913 0.8808173076923077 0.11548913043478261 0.1422355769230768
3 0.8231385869565218 0.5783173076923078 0.19701086956521738 0.28245192307692313
2 0.32778532608695654 0.8197115384615384 0.19813858695652178 0.1201923076923077
2 0.19361413043478262 0.8597836538461539 0.13813858695652176 0.10415865384615394
1 0.07925271739130435 0.8677884615384616 0.09510869565217392 0.12819711538461548
4 0.5916032608695653 0.6394230769230769 0.24343749999999995 0.5168269230769231