1 0.1253396739130435 0.5398557692307693 0.16644021739130435 0.2584134615384616
1 0.44915760869565213 0.7942788461538461 0.18908967391304343 0.29045673076923084
1 0.7146739130434783 0.7371875 0.16304347826086957 0.2323798076923076
1 0.6405163043478261 0.41165865384615385 0.11888586956521748 0.1462259615384615
1 0.743546195652174 0.546875 0.14605978260869565 0.1362259615384616
1 0.787703804347826 0.3545673076923077 0.10529891304347826 0.16026442307692312
1 0.5182336956521739 0.3094951923076923 0.10302989130434788 0.1302163461538462
1 0.954483695652174 0.6706730769230769 0.09103260869565218 0.19230769230769232
1 0.180258152173913 0.06810096153846154 0.07472826086956522 0.09615384615384616
1 0.44406249999999997 0.18028846153846154 0.12228260869565218 0.1882932692307692
1 0.04551630434782609 0.15985576923076922 0.09103260869565218 0.15144230769230768
1 0.9586684782608696 0.3355288461538462 0.08264945652173904 0.25439903846153844
1 0.7033559782608695 0.259423076923077 0.08379076086956525 0.10216346153846158
1 0.8635597826086957 0.3024759615384615 0.10077445652173923 0.09615384615384612
1 0.8601630434782609 0.049086538461538466 0.08491847826086957 0.08612980769230769
2 0.5901222826086956 0.7792548076923077 0.08831521739130435 0.3806009615384616
2 0.28158967391304346 0.3515625 0.1324728260869565 0.15425480769230773
3 0.4604891304347826 0.5528846153846154 0.13926630434782608 0.12819711538461542
3 0.28441576086956527 0.5528846153846154 0.15172554347826087 0.22435096153846157
3 0.4157608695652174 0.4216826923076923 0.10869565217391304 0.13420673076923073
3 0.8967391304347826 0.8725961538461539 0.20652173913043478 0.2548076923076923
3 0.626358695652174 0.1552403846153846 0.12455163043478255 0.22235576923076922
3 0.8092119565217392 0.1943028846153846 0.13926630434782608 0.1281971153846154
1 0.2425271739130435 0.20834134615384617 0.09963315217391303 0.10415865384615387