1 0.8746603260869565 0.5398557692307693 0.16644021739130435 0.25841346153846156
1 0.5508423913043479 0.7942788461538461 0.18908967391304346 0.2904567307692308
1 0.28532608695652173 0.7371875 0.16304347826086957 0.2323798076923077
1 0.3594836956521739 0.41165865384615385 0.11888586956521739 0.14622596153846154
1 0.2564538043478261 0.546875 0.14605978260869565 0.13622596153846153
1 0.21229619565217392 0.3545673076923077 0.10529891304347826 0.16026442307692307
1 0.4817663043478261 0.3094951923076923 0.10302989130434782 0.13021634615384617
1 0.04528532608695652 0.6720673076923076 0.09058423913043478 0.1943028846153846
1 0.8197418478260871 0.06810096153846154 0.07472826086956522 0.09615384615384616
1 0.5559375 0.18028846153846154 0.12228260869565218 0.18829326923076922
1 0.9540353260869565 0.16125 0.0919429347826087 0.1502403846153846
1 0.04133152173913044 0.3355288461538462 0.08264945652173913 0.25439903846153844
1 0.29664402173913046 0.2594230769230769 0.08379076086956522 0.10216346153846154
1 0.13644021739130435 0.3024759615384615 0.10077445652173914 0.09615384615384616
1 0.13983695652173914 0.049086538461538466 0.08491847826086957 0.08612980769230769
2 0.40987771739130435 0.7792548076923077 0.08831521739130435 0.38060096153846157
2 0.7184103260869565 0.3515625 0.1324728260869565 0.1542548076923077
3 0.5395108695652173 0.5528846153846154 0.13926630434782608 0.12819711538461537
3 0.7155842391304347 0.5528846153846154 0.15172554347826087 0.22435096153846154
3 0.5842391304347826 0.4216826923076923 0.10869565217391304 0.13420673076923076
3 0.10302989130434782 0.8725961538461539 0.20607336956521738 0.2548076923076923
3 0.3736413043478261 0.1552403846153846 0.12455163043478261 0.22235576923076922
3 0.19078804347826087 0.1943028846153846 0.13926630434782608 0.12819711538461537
1 0.7574728260869565 0.20834134615384617 0.09963315217391304 0.10415865384615385