1 0.8735326086956521 0.546875 0.14605978260869565 0.21634615384615385
1 0.5553668478260869 0.7802403846153846 0.1800271739130435 0.3024759615384615
1 0.2881521739130435 0.7522115384615385 0.15737771739130435 0.23036057692307693
1 0.26154891304347827 0.5328605769230769 0.11775815217391304 0.16425480769230769
1 0.21626358695652173 0.3435576923076923 0.09510869565217392 0.1542548076923077
1 0.35099184782608694 0.40463942307692313 0.09963315217391304 0.15223557692307693
1 0.48403532608695654 0.30649038461538464 0.08491847826086957 0.13622596153846153
1 0.042459239130434784 0.6660576923076923 0.08491847826086957 0.1943028846153846
1 0.568383152173913 0.24237980769230769 0.09058423913043478 0.14824519230769231
1 0.29494565217391305 0.25740384615384615 0.08944293478260869 0.10216346153846154
1 0.12907608695652173 0.2954807692307692 0.09058423913043478 0.09014423076923077
1 0.04472826086956522 0.38461538461538464 0.08944293478260869 0.14824519230769231
1 0.9444021739130435 0.15625 0.1111820652173913 0.14021634615384615
3 0.6765217391304348 0.19932692307692307 0.09850543478260869 0.14622596153846154
3 0.7286005434782609 0.5378605769230769 0.12341032608695653 0.21834134615384615
3 0.6057472826086956 0.4206730769230769 0.11096467391304347 0.16826923076923078
3 0.5446059782608695 0.5668990384615384 0.1471875 0.12420673076923078
3 0.11661684782608696 0.8724038461538461 0.19701086956521738 0.25439903846153844
3 0.17323369565217392 0.1973076923076923 0.10642663043478261 0.12620192307692307
3 0.3657201086956522 0.13322115384615385 0.10190217391304347 0.21834134615384615
3 0.4421467391304348 0.058100961538461546 0.08039402173913043 0.11617788461538461
2 0.4183695652173913 0.7642307692307693 0.09850543478260869 0.39463942307692307
2 0.7257744565217391 0.35557692307692307 0.16983695652173914 0.17026442307692308
1 0.8225815217391304 0.061105769230769234 0.10302989130434782 0.12218749999999999
1 0.14209239130434784 0.045072115384615384 0.08264945652173913 0.07411057692307692