3 0.7801222826086956 0.4731490384615385 0.14266304347826086 0.2283653846153846
3 0.7602989130434783 0.7285576923076923 0.1324728260869565 0.1903124999999999
3 0.19361413043478262 0.5773317307692307 0.1607744565217391 0.1882932692307692
3 0.8627717391304348 0.6003605769230769 0.13360054347826078 0.19831730769230768
3 0.44894021739130435 0.5903365384615386 0.12115489130434777 0.18629807692307698
2 0.3747690217391304 0.27985576923076927 0.35552989130434776 0.19031250000000005
2 0.3226902173913043 0.4260817307692308 0.2921195652173913 0.1502403846153846
2 0.03125 0.24278846153846154 0.0625 0.47596153846153844
2 0.3413722826086957 0.7806490384615384 0.1777581521739131 0.20233173076923067
2 0.5372554347826087 0.6855048076923076 0.14153532608695646 0.2123317307692308
2 0.5695244565217391 0.8748076923076924 0.1358695652173913 0.12620192307692307
2 0.45686141304347827 0.9178605769230769 0.08264945652173919 0.12819711538461548
2 0.701766304347826 0.9338942307692307 0.09646739130434782 0.13221153846153846
2 0.803328804347826 0.9098557692307693 0.10077445652173923 0.15625
1 0.8791847826086957 0.8547596153846153 0.09850543478260869 0.11016826923076933