1 0.1264673913043479 0.546875 0.14605978260869565 0.21634615384615385
1 0.444633152173913 0.7802403846153846 0.1800271739130435 0.3024759615384616
1 0.7118478260869565 0.7522115384615385 0.15737771739130432 0.23036057692307702
1 0.7384510869565217 0.5328605769230769 0.11775815217391307 0.16425480769230766
1 0.7837364130434783 0.3435576923076923 0.09510869565217392 0.15425480769230773
1 0.649008152173913 0.40463942307692313 0.0996331521739131 0.15223557692307688
1 0.5159646739130435 0.30649038461538464 0.08491847826086957 0.1362259615384616
1 0.9575407608695652 0.6660576923076923 0.08491847826086957 0.19430288461538464
1 0.431616847826087 0.24237980769230769 0.09058423913043473 0.1482451923076923
1 0.7050543478260869 0.2574038461538461 0.08944293478260867 0.10216346153846151
1 0.8709239130434783 0.29548076923076927 0.09058423913043488 0.09014423076923081
1 0.9552717391304348 0.38461538461538464 0.08944293478260859 0.14824519230769234
1 0.055597826086956466 0.15625 0.11118206521739128 0.14021634615384612
3 0.3234782608695652 0.19932692307692307 0.09850543478260869 0.14622596153846154
3 0.27139945652173914 0.5378605769230769 0.1234103260869565 0.21834134615384618
3 0.39425271739130435 0.4206730769230769 0.11096467391304346 0.16826923076923078
3 0.45539402173913046 0.5668990384615384 0.14718750000000005 0.1242067307692308
3 0.8833831521739129 0.8724038461538461 0.19701086956521738 0.25439903846153855
3 0.826766304347826 0.1973076923076923 0.10642663043478251 0.12620192307692307
3 0.6342798913043478 0.13322115384615385 0.10190217391304347 0.21834134615384618
3 0.5578532608695652 0.058100961538461546 0.08039402173913038 0.11617788461538461
2 0.5816304347826087 0.7642307692307693 0.09850543478260869 0.39463942307692296
2 0.27422554347826095 0.35557692307692307 0.16983695652173914 0.17026442307692305
1 0.17741847826086962 0.061105769230769234 0.10302989130434781 0.12218749999999999
1 0.8579076086956521 0.045072115384615384 0.08264945652173904 0.07411057692307692