3 0.7801222826086956 0.5268509615384616 0.14266304347826086 0.2283653846153846
3 0.7602989130434783 0.2714423076923077 0.1324728260869565 0.1903125
3 0.19361413043478262 0.4226682692307693 0.16077445652173913 0.18829326923076922
3 0.8627717391304348 0.3996394230769231 0.13360054347826086 0.19831730769230768
3 0.44894021739130435 0.4096634615384615 0.12115489130434783 0.18629807692307693
2 0.3747690217391304 0.7201442307692307 0.35552989130434787 0.1903125
2 0.3226902173913043 0.5739182692307693 0.2921195652173913 0.1502403846153846
2 0.03169836956521739 0.756201923076923 0.06341032608695653 0.47475961538461536
2 0.3413722826086957 0.21935096153846154 0.17775815217391305 0.20233173076923078
2 0.5372554347826087 0.31449519230769235 0.14153532608695651 0.21233173076923076
2 0.5695244565217391 0.12519230769230769 0.1358695652173913 0.12620192307692307
2 0.45686141304347827 0.08213942307692308 0.08264945652173913 0.12819711538461537
2 0.7025543478260871 0.06509615384615385 0.09623641304347826 0.13021634615384617
2 0.803328804347826 0.09014423076923077 0.10077445652173914 0.15625
1 0.8791847826086957 0.14524038461538463 0.09850543478260869 0.11016826923076922