1 0.7387907608695652 0.7776442307692307 0.09171195652173914 0.1482451923076922
1 0.6306657608695653 0.7826442307692307 0.08831521739130435 0.13021634615384606
1 0.40138586956521743 0.5593028846153846 0.10756793478260868 0.07211538461538461
1 0.11548913043478261 0.19572115384615388 0.10190217391304347 0.2023317307692308
1 0.2304076086956522 0.21875 0.10756793478260872 0.2604086538461538
1 0.3391032608695652 0.35697115384615385 0.08039402173913046 0.1762740384615384
1 0.4438451086956522 0.13262019230769234 0.23777173913043478 0.24838942307692305
1 0.6431114130434782 0.24278846153846154 0.14493206521739124 0.2443990384615385
2 0.4353532608695652 0.40403846153846157 0.11888586956521739 0.2504086538461539
3 0.7484103260869566 0.360985576923077 0.12907608695652173 0.23637019230769227
3 0.8220108695652174 0.12740384615384615 0.1856929347826088 0.2548076923076923
3 0.9707880434782609 0.4891826923076923 0.058423913043478264 0.22355769230769232
2 0.8780570652173914 0.3008894230769231 0.15058423913043467 0.13221153846153846
4 0.8638994565217392 0.7145432692307693 0.13813858695652184 0.18228365384615394
4 0.6153804347826087 0.6484375 0.16417119565217397 0.13822115384615385