3 0.35404891304347824 0.04026442307692308 0.06680706521739128 0.08052884615384616
3 0.9365896739130435 0.49819711538461536 0.05887228260869555 0.06610576923076923
3 0.9796195652173914 0.3581730769230769 0.04076086956521739 0.0673076923076923
3 0.7854347826086957 0.22776442307692307 0.062269021739130334 0.08612980769230766
3 0.6897690217391304 0.19170673076923078 0.058872282608695634 0.07012019230769234
3 0.8839402173913044 0.23576923076923073 0.07133152173913043 0.15824519230769227
3 0.7208967391304348 0.3870192307692308 0.044157608695652176 0.06009615384615385
3 0.1004347826086956 0.3389423076923077 0.07133152173913043 0.09213942307692304
3 0.14854619565217397 0.2387740384615384 0.07925271739130432 0.13221153846153846
3 0.25158967391304343 0.2868509615384615 0.036236413043478286 0.09213942307692304
3 0.288383152173913 0.17769230769230773 0.057744565217391304 0.09014423076923077
3 0.43047554347826084 0.2548076923076923 0.0566168478260869 0.08012019230769227
3 0.569741847826087 0.4030528846153846 0.04302989130434777 0.06009615384615385
3 0.626358695652174 0.37000000000000005 0.0362364130434782 0.058100961538461574
3 0.6750407608695653 0.43810096153846156 0.038491847826087014 0.05007211538461535
4 0.4876630434782609 0.39603365384615385 0.06906250000000005 0.07411057692307689
4 0.5838994565217391 0.5031971153846154 0.07360054347826081 0.06009615384615385