2 0.43081521739130435 0.2598076923076923 0.08718749999999995 0.17026442307692305
2 0.6108423913043478 0.5152163461538461 0.12567934782608695 0.12819711538461534
4 0.3877989130434783 0.3780048076923077 0.07360054347826081 0.1101682692307692
4 0.04698369565217391 0.19771634615384615 0.07133152173913043 0.10216346153846154
3 0.050951086956521736 0.6674759615384614 0.05434782608695652 0.10016826923076913
3 0.030570652173913044 0.2878605769230769 0.06114130434782609 0.08213942307692311
3 0.5876358695652174 0.4030528846153846 0.0792527173913044 0.10016826923076927
3 0.37137228260869565 0.5933413461538461 0.0634103260869565 0.11218750000000004
3 0.5434782608695652 0.6784855769230769 0.07245923913043484 0.0861298076923078
3 0.686141304347826 0.7486057692307693 0.058872282608695634 0.0861298076923078
3 0.5927309782608695 0.8477644230769231 0.050951086956521736 0.08814903846153836
3 0.36627717391304343 0.7766346153846153 0.044157608695652176 0.062091346153846254
3 0.8129483695652174 0.49819711538461536 0.04528532608695642 0.09415865384615388