4 0.7395788043478262 0.1275961538461538 0.12907608695652173 0.19831730769230768
4 0.6710869565217391 0.5502884615384616 0.078125 0.1302163461538462
4 0.8765896739130434 0.3199038461538461 0.08152173913043478 0.13822115384615385
4 0.45425271739130435 0.3129086538461539 0.11096467391304342 0.15223557692307688
4 0.36311141304347827 0.6684615384615386 0.11436141304347824 0.1822836538461539
4 0.23176630434782614 0.09134615384615384 0.10077445652173915 0.18269230769230768
4 0.3919836956521739 0.09014423076923077 0.12907608695652173 0.18028846153846154
4 0.5238858695652173 0.2057211538461538 0.10302989130434788 0.1502403846153846
4 0.2685733695652173 0.35997596153846156 0.09283967391304346 0.17026442307692305
4 0.13043478260869565 0.17468750000000005 0.1064266304347826 0.2083413461538462
4 0.28158967391304346 0.5052163461538461 0.09623641304347824 0.13221153846153846
4 0.4361413043478261 0.45713942307692307 0.09510869565217392 0.14021634615384612
4 0.4587907608695652 0.6173798076923078 0.0973777173913043 0.1642548076923077
4 0.7220380434782608 0.6604567307692307 0.06906249999999999 0.08213942307692298
4 0.7831793478260869 0.5913461538461539 0.08039402173913053 0.0921394230769231
4 0.5471059782608696 0.4841826923076923 0.07245923913043484 0.1141826923076923
4 0.17006793478260865 0.8117067307692308 0.09737771739130437 0.1642548076923078
4 0.44972826086956524 0.8557692307692307 0.09058423913043473 0.13622596153846145
3 0.33197010869565213 0.23377403846153846 0.10869565217391304 0.13420673076923073
3 0.05050271739130429 0.38201923076923083 0.10099184782608693 0.19430288461538459
3 0.12703804347826086 0.5332451923076923 0.0860461956521739 0.17228365384615388
3 0.07042119565217397 0.7385817307692307 0.06793478260869565 0.17427884615384615
4 0.8975271739130435 0.49418269230769235 0.09850543478260869 0.17026442307692305
4 0.6303260869565218 0.6514423076923077 0.06680706521739124 0.09615384615384616
4 0.6048505434782608 0.5252403846153846 0.05887228260869571 0.1362259615384616
3 0.7191983695652174 0.7776442307692307 0.11548913043478261 0.12819711538461548
3 0.35235054347826084 0.8267307692307693 0.08604619565217393 0.12620192307692307