3 0.5446059782608695 0.7612259615384616 0.09737771739130435 0.14824519230769231
3 0.5021467391304347 0.28947115384615385 0.06226902173913043 0.09014423076923077
3 0.7574728260869565 0.24237980769230769 0.05207880434782609 0.07612980769230769
3 0.8786277173913043 0.21935096153846154 0.05207880434782609 0.09814903846153845
3 0.5485733695652174 0.16927884615384617 0.03963315217391305 0.054086538461538464
3 0.6448097826086956 0.18228365384615383 0.060013586956521744 0.06411057692307692
3 0.5978260869565217 0.1141826923076923 0.033967391304347824 0.06009615384615385
2 0.1766304347826087 0.14223557692307692 0.13134510869565216 0.11617788461538461
2 0.4964945652173913 0.1171875 0.10529891304347826 0.11819711538461539
1 0.3125 0.4066586538461538 0.04755434782608696 0.06810096153846154
1 0.42629076086956524 0.6450240384615384 0.03283967391304348 0.08012019230769231