4 0.5576358695652174 0.5388701923076923 0.08264945652173913 0.14423076923076922
4 0.8084239130434783 0.6009615384615384 0.0860461956521739 0.13622596153846153
4 0.7269021739130435 0.5218269230769231 0.06114130434782609 0.1141826923076923
4 0.8288043478260869 0.7792548076923077 0.06566576086956522 0.15223557692307693
4 0.9120244565217391 0.8102884615384615 0.07133152173913043 0.17026442307692308
4 0.9386277173913044 0.5448798076923077 0.07699728260869565 0.1201923076923077
4 0.9727173913043478 0.7301682692307693 0.05457880434782609 0.13420673076923076
4 0.7557744565217391 0.9346875 0.08039402173913043 0.13060096153846154
4 0.6210326086956521 0.8112980769230769 0.1075679347826087 0.14824519230769231
4 0.5587635869565217 0.9244711538461539 0.08944293478260869 0.13822115384615385
4 0.4936548913043478 0.7932692307692307 0.08379076086956522 0.11617788461538461
4 0.390625 0.8814182692307693 0.10869565217391304 0.21233173076923076
4 0.34419836956521743 0.6570432692307692 0.06114130434782609 0.10016826923076924
4 0.1749320652173913 0.6490384615384616 0.10077445652173914 0.14423076923076922
4 0.19983695652173913 0.8976442307692308 0.11888586956521739 0.20473557692307692
4 0.05831521739130435 0.7852644230769231 0.11209239130434782 0.15625
4 0.11775815217391304 0.3355288461538462 0.09510869565217392 0.13822115384615385
4 0.05604619565217391 0.4527163461538462 0.10302989130434782 0.18028846153846154
3 0.5417798913043478 0.38461538461538464 0.078125 0.14423076923076922
3 0.31137228260869565 0.4066586538461538 0.09283967391304347 0.15223557692307693
3 0.8101222826086957 0.43971153846153843 0.08039402173913043 0.1502403846153846
3 0.9029619565217392 0.6480288461538461 0.07585597826086957 0.1542548076923077
3 0.7393614130434782 0.8022836538461539 0.09510869565217392 0.14223557692307692
3 0.9551630434782609 0.3465625 0.08967391304347826 0.21634615384615385
3 0.26211956521739127 0.5989663461538461 0.07133152173913043 0.12819711538461537
3 0.18569293478260868 0.48677884615384615 0.09737771739130435 0.14423076923076922
3 0.2321059782608696 0.7321634615384615 0.0860461956521739 0.1141826923076923