4 0.6901086956521739 0.14824519230769231 0.13474184782608695 0.19230769230769232
4 0.5553668478260869 0.22637019230769231 0.12341032608695653 0.17627403846153847
4 0.44044836956521743 0.08312499999999999 0.09963315217391304 0.12218749999999999
4 0.9506385869565217 0.20331730769230769 0.09873641304347826 0.17427884615384615
3 0.8871195652173912 0.5028125 0.1279483695652174 0.2564182692307692
3 0.5842391304347826 0.4607451923076923 0.09963315217391304 0.18430288461538463
3 0.5632880434782609 0.06711538461538462 0.12341032608695653 0.12620192307692307
3 0.5734782608695652 0.6800961538461539 0.10529891304347826 0.22235576923076922
3 0.46987771739130435 0.8112980769230769 0.11322010869565217 0.22435096153846154
3 0.7087907608695652 0.8936298076923077 0.10869565217391304 0.2127403846153846
3 0.9483695652173914 0.7752403846153846 0.10326086956521739 0.2724278846153846