4 0.23720108695652176 0.42807692307692313 0.09850543478260869 0.11819711538461543
3 0.6436820652173914 0.47415865384615385 0.08039402173913038 0.12620192307692307
3 0.5542391304347827 0.13262019230769234 0.062269021739130494 0.12420673076923079
3 0.47384510869565216 0.3389423076923077 0.078125 0.11218750000000004
3 0.3458967391304348 0.12961538461538466 0.06680706521739133 0.11016826923076921
3 0.3068342391304348 0.22276442307692312 0.06341032608695654 0.09213942307692304
3 0.2564538043478261 0.1306009615384615 0.0826494565217391 0.10415865384615383
3 0.3951494565217391 0.8878125 0.06793478260869565 0.10817307692307693
3 0.7059510869565218 0.7525961538461539 0.06001358695652176 0.0861298076923078
3 0.9721467391304348 0.13581730769230768 0.05570652173913043 0.17067307692307693
2 0.23947010869565216 0.0412740384615385 0.13020380434782605 0.08252403846153845
2 0.7908695652173914 0.050288461538461574 0.11209239130434782 0.10055288461538461
2 0.546304347826087 0.6965144230769231 0.10302989130434788 0.12620192307692307
3 0.36967391304347824 0.7035336538461539 0.055475543478260884 0.09615384615384616
3 0.2796603260869565 0.712548076923077 0.07020380434782611 0.10216346153846154