4 0.40444293478260873 0.5168269230769231 0.08152173913043478 0.1201923076923077
4 0.07721467391304353 0.7912740384615385 0.12228260869565218 0.18430288461538452
4 0.10892663043478255 0.6280048076923077 0.09963315217391303 0.1502403846153846
4 0.13665760869565222 0.4987980769230769 0.06906249999999999 0.12819711538461534
4 0.4123641304347826 0.6760817307692307 0.0769972826086956 0.1342067307692308
4 0.5646467391304347 0.35257211538461536 0.09398097826086951 0.1242067307692308
4 0.8533695652173914 0.5078125 0.07585597826086947 0.13420673076923073
4 0.5646467391304347 0.7261538461538461 0.08491847826086957 0.13420673076923087
4 0.41066576086956524 0.8363461538461539 0.078125 0.13021634615384606
4 0.16836956521739124 0.9286778846153846 0.09623641304347824 0.1426201923076924
3 0.18874999999999995 0.35355769230769235 0.0826494565217391 0.12218749999999996
3 0.3387635869565217 0.37759615384615386 0.08152173913043478 0.13822115384615385
3 0.4214266304347826 0.27745192307692307 0.0769972826086956 0.15824519230769235
3 0.4763315217391304 0.39663461538461536 0.06453804347826086 0.08012019230769227
3 0.5374728260869565 0.48276442307692313 0.08718749999999995 0.1362259615384616
3 0.6138994565217392 0.5528846153846154 0.06793478260869565 0.14423076923076922
3 0.5018070652173913 0.625 0.07245923913043484 0.1201923076923077
3 0.7361820652173914 0.8854086538461539 0.08379076086956525 0.17627403846153855
3 0.7543070652173912 0.2323798076923077 0.07472826086956522 0.1762740384615385
3 0.6059782608695652 0.14824519230769231 0.07245923913043484 0.1762740384615385
3 0.48312499999999997 0.08213942307692308 0.1143614130434782 0.1201923076923077
3 0.21648097826086962 0.11819711538461539 0.10190217391304347 0.14021634615384618
2 0.3331114130434783 0.17127403846153846 0.0928396739130435 0.0821394230769231
3 0.29347826086956524 0.6680769230769231 0.06793478260869565 0.1302163461538461
4 0.951875 0.3976442307692307 0.062269021739130334 0.09814903846153843
4 0.8194021739130435 0.385625 0.050951086956521736 0.1141826923076923
4 0.6908967391304348 0.6179807692307692 0.06341032608695654 0.14622596153846157