3 0.4123641304347826 0.8423557692307693 0.045285326086956575 0.1141826923076923
3 0.860733695652174 0.9423076923076923 0.07744565217391304 0.11538461538461539
3 0.9309375 0.7261538461538461 0.08379076086956531 0.09814903846153857
3 0.6801358695652174 0.7772355769230769 0.0532201086956522 0.09213942307692317
3 0.8601630434782609 0.6921153846153847 0.057744565217391304 0.11016826923076933
3 0.7792119565217391 0.36158653846153843 0.038491847826086854 0.07411057692307689
3 0.7905298913043479 0.6209855769230769 0.04528532608695642 0.05209134615384613
3 0.4718070652173913 0.6951201923076924 0.046426630434782554 0.0761298076923076
3 0.20040760869565216 0.9663461538461539 0.04755434782608696 0.0673076923076923
3 0.6495652173913044 0.4917788461538462 0.0418885869565218 0.078125
3 0.9750951086956521 0.17829326923076924 0.04076086956521739 0.08012019230769232