4 0.7395788043478262 0.8724038461538461 0.12907608695652173 0.19831730769230768
4 0.6710869565217391 0.4497115384615385 0.078125 0.1302163461538462
4 0.8765896739130434 0.6800961538461539 0.08152173913043478 0.13822115384615385
4 0.45425271739130435 0.6870913461538461 0.11096467391304342 0.15223557692307696
4 0.36311141304347827 0.3315384615384615 0.11436141304347824 0.1822836538461538
4 0.23176630434782614 0.9086538461538461 0.10077445652173915 0.18269230769230768
4 0.3919836956521739 0.9086538461538461 0.12907608695652173 0.18269230769230768
4 0.5238858695652173 0.7942788461538461 0.10302989130434788 0.1502403846153846
4 0.2685733695652173 0.6400240384615384 0.09283967391304346 0.1702644230769231
4 0.13043478260869565 0.8253125 0.1064266304347826 0.20834134615384606
4 0.28158967391304346 0.49478365384615386 0.09623641304347824 0.13221153846153846
4 0.4361413043478261 0.542860576923077 0.09510869565217392 0.14021634615384612
4 0.4587907608695652 0.3826201923076923 0.0973777173913043 0.16425480769230766
4 0.7220380434782608 0.3395432692307692 0.06906249999999999 0.08213942307692311
4 0.7831793478260869 0.40865384615384615 0.08039402173913053 0.09213942307692304
4 0.5471059782608696 0.5158173076923077 0.07245923913043484 0.1141826923076923
4 0.17006793478260865 0.18829326923076922 0.09737771739130437 0.1642548076923077
4 0.44972826086956524 0.14423076923076922 0.09058423913043473 0.13622596153846156
3 0.33197010869565213 0.7662259615384616 0.10869565217391304 0.13420673076923087
3 0.05050271739130429 0.6179807692307692 0.10099184782608693 0.19430288461538464
3 0.12703804347826086 0.46675480769230765 0.0860461956521739 0.17228365384615388
3 0.07042119565217397 0.2614182692307692 0.06793478260869565 0.17427884615384615
4 0.8975271739130435 0.5058173076923077 0.09850543478260869 0.17026442307692305
4 0.6303260869565218 0.3485576923076923 0.06680706521739124 0.09615384615384616
4 0.6048505434782608 0.47475961538461536 0.05887228260869571 0.1362259615384616
3 0.7191983695652174 0.22235576923076922 0.11548913043478261 0.12819711538461534
3 0.35235054347826084 0.17326923076923076 0.08604619565217393 0.12620192307692307