3 0.11775815217391304 0.5903365384615384 0.04755434782608696 0.09814903846153843
3 0.31589673913043476 0.4441105769230769 0.06341032608695654 0.08612980769230766
3 0.25023097826086954 0.4070432692307693 0.06793478260869565 0.09615384615384616
2 0.499320652173913 0.20372596153846154 0.0566168478260869 0.17829326923076927
3 0.5287635869565218 0.13961538461538459 0.04982336956521734 0.09814903846153844
3 0.2717391304347826 0.30487980769230766 0.05661684782608698 0.08012019230769227
3 0.9001358695652174 0.07451923076923077 0.06566576086956512 0.10415865384615385
3 0.9805298913043478 0.2117307692307692 0.031698369565217294 0.08612980769230766
2 0.06283967391304347 0.21875 0.12567934782608695 0.1201923076923077
2 0.31759510869565216 0.7525961538461539 0.06453804347826086 0.062091346153846254
3 0.06736413043478261 0.829735576923077 0.050951086956521736 0.0801201923076924
3 0.6148097826086957 0.4451201923076923 0.038491847826087014 0.07612980769230773