3 0.5848097826086956 0.9306971153846154 0.08491847826086957 0.1386298076923077
3 0.11661684782608696 0.9044471153846154 0.08831521739130435 0.14223557692307692
3 0.2655163043478261 0.5558894230769231 0.057744565217391304 0.08612980769230769
3 0.25815217391304346 0.46274038461538464 0.04982336956521739 0.056081730769230766
3 0.5021467391304347 0.5028125 0.041888586956521735 0.08012019230769231
3 0.6193342391304347 0.689110576923077 0.05434782608695652 0.08814903846153846
3 0.36062500000000003 0.6770913461538461 0.050951086956521736 0.06411057692307692
3 0.2960869565217391 0.6380288461538461 0.04642663043478261 0.078125
3 0.9618478260869565 0.5328605769230769 0.0486820652173913 0.06810096153846154
3 0.44044836956521743 0.4296875 0.03849184782608695 0.06610576923076923
3 0.3413722826086957 0.6079807692307692 0.04642663043478261 0.058100961538461546