3 0.35404891304347824 0.9597355769230769 0.06680706521739128 0.08052884615384616
3 0.9365896739130435 0.5018028846153846 0.05887228260869555 0.06610576923076923
3 0.9796195652173914 0.6394230769230769 0.04076086956521739 0.0673076923076923
3 0.7854347826086957 0.7722355769230769 0.062269021739130334 0.0861298076923078
3 0.6897690217391304 0.8082932692307693 0.058872282608695634 0.0701201923076922
3 0.8839402173913044 0.7642307692307693 0.07133152173913043 0.1582451923076924
3 0.7208967391304348 0.6129807692307693 0.044157608695652176 0.06009615384615385
3 0.1004347826086956 0.6610576923076923 0.07133152173913043 0.0921394230769231
3 0.14854619565217397 0.7612259615384616 0.07925271739130432 0.13221153846153846
3 0.25158967391304343 0.7131490384615385 0.036236413043478286 0.09213942307692317
3 0.288383152173913 0.8223076923076923 0.057744565217391304 0.09014423076923077
3 0.43047554347826084 0.7451923076923077 0.0566168478260869 0.0801201923076924
3 0.569741847826087 0.5969471153846155 0.04302989130434777 0.06009615384615392
3 0.626358695652174 0.63 0.0362364130434782 0.05810096153846151
3 0.6750407608695653 0.5618990384615384 0.038491847826087014 0.05007211538461535
4 0.4876630434782609 0.6039663461538461 0.06906250000000005 0.07411057692307696
4 0.5838994565217391 0.4968028846153846 0.07360054347826081 0.06009615384615385