3 0.6756114130434783 0.6173798076923078 0.08039402173913046 0.12420673076923074
3 0.8420516304347826 0.2808413461538461 0.10529891304347826 0.14824519230769234
3 0.5425679347826087 0.16365384615384612 0.07245923913043484 0.13021634615384617
3 0.42764945652173914 0.4691586538461538 0.062269021739130494 0.11617788461538457
3 0.32631793478260873 0.5472836538461539 0.0634103260869565 0.11218750000000004
3 0.18478260869565216 0.8287259615384616 0.052078804347826066 0.12620192307692307
3 0.17741847826086962 0.5512740384615384 0.06226902173913041 0.1201923076923077
3 0.13722826086956522 0.321923076923077 0.052078804347826066 0.09415865384615388
4 0.4763315217391304 0.6494471153846153 0.08718749999999995 0.1482451923076923
4 0.631453804347826 0.7716346153846154 0.07585597826086962 0.12420673076923067
4 0.5561548913043478 0.5252403846153846 0.09283967391304353 0.15223557692307688
4 0.8601630434782609 0.84375 0.0871875000000001 0.12819711538461548
4 0.9643342391304348 0.27884615384615385 0.07133152173913043 0.11617788461538457
4 0.8958288043478262 0.13961538461538459 0.07699728260869575 0.10617788461538463
4 0.6144701086956522 0.0945432692307692 0.06906250000000005 0.14824519230769234
4 0.48879076086956524 0.18769230769230766 0.046426630434782554 0.14223557692307695
4 0.4514266304347826 0.34694711538461537 0.04868206521739136 0.1362259615384616
4 0.22101902173913038 0.16365384615384612 0.0452853260869565 0.1141826923076923
4 0.2425271739130435 0.2938701923076923 0.049823369565217414 0.1101682692307692
4 0.18138586956521738 0.21975961538461541 0.04755434782608696 0.12620192307692307
4 0.1994972826086957 0.04927884615384615 0.058872282608695634 0.0985576923076923
3 0.26290760869565216 0.054086538461538464 0.06114130434782609 0.10817307692307693
3 0.435570652173913 0.17769230769230773 0.057744565217391304 0.1181971153846154
2 0.4214266304347826 0.04326923076923077 0.1200135869565218 0.08653846153846154
2 0.7560054347826086 0.8137019230769231 0.11661684782608686 0.10415865384615394
1 0.7526086956521738 0.5683173076923077 0.046426630434782706 0.07012019230769234
2 0.8335597826086957 0.03225961538461542 0.09510869565217392 0.06449519230769231
3 0.08118206521739131 0.527235576923077 0.06001358695652175 0.1041586538461538