3 0.3453396739130435 0.9114663461538461 0.05887228260869565 0.10016826923076924
3 0.867296195652174 0.5048076923076923 0.05434782608695652 0.10817307692307693
3 0.6131114130434783 0.6009615384615384 0.0486820652173913 0.09615384615384616
3 0.5581929347826087 0.5869471153846153 0.043029891304347825 0.08413461538461539
4 0.5032880434782608 0.5599038461538461 0.04642663043478261 0.07411057692307692
4 0.1953125 0.7001201923076923 0.1075679347826087 0.12218749999999999
4 0.8203125 0.7792548076923077 0.07360054347826087 0.12819711538461537
4 0.7325679347826086 0.6129807692307693 0.05887228260869565 0.06411057692307692
2 0.7144429347826088 0.8503605769230769 0.12228260869565218 0.11016826923076922
2 0.2774048913043478 0.8944230769230769 0.08831521739130435 0.21033653846153846
3 0.4410054347826087 0.728173076923077 0.04642663043478261 0.09415865384615385
2 0.04076086956521739 0.6911057692307693 0.08152173913043478 0.10415865384615385