3 0.27082880434782614 0.19572115384615388 0.10190217391304347 0.15425480769230773
3 0.6841032608695652 0.5923557692307692 0.08379076086956525 0.1302163461538462
3 0.1842119565217392 0.5643028846153846 0.09171195652173914 0.12218750000000003
3 0.04653532608695652 0.6504326923076924 0.09307065217391304 0.14622596153846157
3 0.09986413043478261 0.35497596153846156 0.0702038043478261 0.1041586538461538
2 0.7407201086956521 0.37999999999999995 0.08379076086956531 0.1462259615384615
4 0.4429347826086957 0.4601442307692307 0.07472826086956522 0.13822115384615385
4 0.5606929347826087 0.47915865384615386 0.09510869565217392 0.13221153846153846
4 0.6495652173913044 0.321923076923077 0.08039402173913038 0.13822115384615385
4 0.5148369565217391 0.20473557692307695 0.09398097826086951 0.12420673076923079
4 0.631453804347826 0.13961538461538459 0.1324728260869565 0.234375
4 0.4010461956521739 0.21074519230769234 0.12907608695652173 0.13221153846153846
4 0.16949728260869565 0.22074519230769227 0.09171195652173914 0.18430288461538466
4 0.1994972826086957 0.3950240384615385 0.09283967391304346 0.15223557692307688
4 0.7729891304347826 0.7666346153846154 0.08039402173913053 0.1141826923076923
4 0.78125 0.06850961538461539 0.1358695652173913 0.13701923076923078
4 0.06023097826086962 0.18069711538461541 0.1109646739130435 0.19230769230769232
4 0.2578125 0.06129807692307692 0.11436141304347829 0.12259615384615384
4 0.43953804347826086 0.07951923076923073 0.0769972826086956 0.12620192307692307
4 0.9473505434782609 0.5502884615384616 0.08944293478260859 0.1662740384615385
4 0.2776222826086957 0.46713942307692313 0.06341032608695654 0.14824519230769234
4 0.3433016304347826 0.3229086538461538 0.05434782608695652 0.11218750000000004