2 0.6023505434782609 0.4641346153846154 0.0996331521739131 0.2023317307692308
2 0.7937092391304347 0.30788461538461537 0.09283967391304337 0.19831730769230768
3 0.4155298913043478 0.21675480769230773 0.07020380434782603 0.10016826923076927
3 0.28532608695652173 0.05829326923076923 0.07925271739130432 0.11658653846153846
3 0.7999320652173914 0.1476442307692308 0.08264945652173904 0.13822115384615385
3 0.35665760869565216 0.4731490384615385 0.05434782608695652 0.1041586538461538
3 0.5038451086956521 0.7776442307692307 0.05434782608695652 0.12819711538461548
3 0.4466711956521739 0.8016826923076923 0.06906250000000005 0.09615384615384616
3 0.36967391304347824 0.6284134615384614 0.050951086956521736 0.12620192307692307
3 0.9386277173913044 0.5643028846153846 0.04302989130434792 0.09014423076923077
3 0.8848505434782609 0.5112259615384616 0.057744565217391304 0.07211538461538461