4 0.5505027173913044 0.49117788461538464 0.06793478260869565 0.12819711538461534
4 0.6172961956521739 0.6684615384615386 0.05887228260869571 0.09014423076923077
4 0.7191983695652174 0.06651442307692311 0.07472826086956522 0.1201923076923077
4 0.4904891304347826 0.5903365384615384 0.07020380434782603 0.1302163461538462
4 0.2951766304347826 0.5522836538461539 0.06680706521739133 0.12620192307692307
4 0.6037092391304347 0.18370192307692312 0.05207880434782614 0.1181971153846154
4 0.24479619565217386 0.25079326923076917 0.06341032608695654 0.14423076923076922
4 0.39877717391304346 0.3489663461538462 0.05887228260869571 0.1041586538461538
4 0.5006793478260869 0.05848557692307688 0.08152173913043478 0.11617788461538461
4 0.48709239130434784 0.2598076923076923 0.04302989130434777 0.10216346153846154
4 0.45652173913043476 0.38201923076923083 0.05887228260869571 0.09014423076923077
4 0.3721739130434783 0.2477884615384615 0.08039402173913042 0.09814903846153843
4 0.22894021739130435 0.1015625 0.058872282608695634 0.14223557692307695
4 0.7961956521739131 0.7145432692307693 0.05207880434782599 0.08213942307692298
2 0.7129755434782609 0.6925 0.08944293478260867 0.1141826923076923
3 0.7814809782608695 0.3399519230769231 0.07245923913043469 0.11819711538461543
3 0.6467391304347826 0.5442788461538461 0.05434782608695652 0.10216346153846154
3 0.8613043478260869 0.751610576923077 0.05547554347826077 0.10415865384615394
3 0.3563179347826087 0.5242307692307693 0.041888586956521756 0.09814903846153843
3 0.44406249999999997 0.4601442307692307 0.04302989130434777 0.07411057692307689
3 0.5352173913043479 0.2668269230769231 0.050951086956521736 0.14021634615384612
3 0.33197010869565213 0.35396634615384615 0.04982336956521737 0.1101682692307692
3 0.18817934782608695 0.34194711538461536 0.052078804347826066 0.09415865384615388
3 0.23063858695652173 0.5172355769230769 0.041888586956521714 0.09213942307692304
3 0.2549864130434782 0.7185576923076924 0.04755434782608696 0.09415865384615375
3 0.2340353260869565 0.8798076923076923 0.041888586956521714 0.0761298076923076
3 0.34952445652173914 0.09555288461538461 0.15737771739130438 0.19031250000000005
3 0.05004076086956527 0.6434374999999999 0.07925271739130434 0.13221153846153846