4 0.08854619565217385 0.08653846153846154 0.12228260869565218 0.14423076923076922
4 0.24139945652173908 0.22675480769230766 0.07020380434782611 0.08413461538461539
4 0.679578804347826 0.0915384615384615 0.058872282608695634 0.09415865384615385
3 0.5618206521739131 0.18168269230769227 0.04982336956521734 0.0821394230769231
3 0.6031521739130435 0.27685096153846156 0.06001358695652168 0.08012019230769227
3 0.7039130434782609 0.1796875 0.0532201086956522 0.062091346153846136
3 0.10948369565217397 0.2708413461538462 0.05547554347826086 0.08012019230769227
3 0.219320652173913 0.3099038461538462 0.05547554347826085 0.062091346153846115
3 0.19610054347826092 0.38802884615384614 0.0452853260869565 0.08213942307692311
3 0.5153940217391304 0.34093749999999995 0.05887228260869571 0.0681009615384615
3 0.9575407608695652 0.08653846153846154 0.05547554347826077 0.08814903846153846
2 0.04891304347826087 0.3259134615384615 0.08379076086956523 0.10216346153846154