4 0.40444293478260873 0.5188221153846154 0.08379076086956516 0.13221153846153846
4 0.6988179347826088 0.6219951923076923 0.07472826086956522 0.11016826923076926
4 0.8539402173913043 0.5058173076923077 0.07699728260869575 0.09415865384615388
4 0.5555978260869565 0.3355288461538462 0.09171195652173914 0.12218749999999996
4 0.13383152173913043 0.49778846153846157 0.08831521739130435 0.1302163461538462
4 0.07042119565217397 0.78625 0.0860461956521739 0.1542548076923076
4 0.16836956521739124 0.9465144230769231 0.08944293478260867 0.10617788461538452
4 0.11514945652173914 0.639014423076923 0.08718750000000001 0.1201923076923077
4 0.2436548913043479 0.5719230769230769 0.07245923913043475 0.11418269230769224
4 0.37612771739130435 0.1141826923076923 0.10417119565217389 0.14423076923076922
4 0.41293478260869565 0.6640625 0.078125 0.11819711538461536
4 0.4140625 0.8203125 0.07585597826086962 0.1502403846153846
4 0.5589945652173913 0.7291586538461539 0.07360054347826081 0.1121874999999999
4 0.07099184782608696 0.29346153846153844 0.08718750000000001 0.1782932692307692
3 0.19100543478260876 0.3585817307692307 0.0826494565217391 0.14824519230769234
3 0.33820652173913046 0.37759615384615386 0.08491847826086957 0.15425480769230773
3 0.6150407608695653 0.542860576923077 0.08152173913043478 0.17228365384615388
3 0.7418478260869565 0.9054567307692308 0.10869565217391304 0.15223557692307702
3 0.47860054347826086 0.08213942307692308 0.08264945652173919 0.1642548076923077
3 0.4219836956521739 0.24740384615384617 0.09623641304347831 0.10617788461538459
3 0.5153940217391304 0.5258413461538461 0.1200135869565218 0.20632211538461542
3 0.47690217391304346 0.3996394230769231 0.0792527173913044 0.11819711538461543
3 0.21648097826086962 0.11918269230769231 0.1064266304347826 0.1622596153846154
3 0.7894021739130435 0.28947115384615385 0.09283967391304337 0.15425480769230765