3 0.5425679347826087 0.48677884615384615 0.0973777173913043 0.16826923076923078
3 0.7271331521739129 0.7341826923076924 0.09510869565217392 0.1502403846153846
3 0.6223913043478261 0.9507211538461539 0.08039402173913038 0.0985576923076923
3 0.9524456521739131 0.9362980769230769 0.09239130434782608 0.12740384615384615
3 0.8613043478260869 0.049086538461538466 0.07585597826086947 0.09814903846153845
3 0.87375 0.2834615384615385 0.060013586956521835 0.0981490384615385
3 0.4718070652173913 0.16125 0.062269021739130494 0.0861298076923077
3 0.6184375 0.036057692307692304 0.05207880434782614 0.07211538461538461
2 0.6524048913043478 0.26942307692307693 0.1313451086956522 0.1342067307692308
4 0.14402173913043478 0.7642307692307693 0.1064266304347826 0.19831730769230768
4 0.44802989130434784 0.05509615384615385 0.09398097826086951 0.11016826923076922
2 0.26913043478260873 0.31651442307692307 0.10529891304347826 0.13221153846153846