4 0.23720108695652176 0.5719230769230769 0.09850543478260869 0.11819711538461539
3 0.6436820652173914 0.5258413461538461 0.08039402173913043 0.12620192307692307
3 0.5542391304347827 0.8673798076923076 0.06226902173913043 0.12420673076923078
3 0.47384510869565216 0.6610576923076923 0.078125 0.11218750000000001
3 0.3458967391304348 0.8703846153846153 0.06680706521739131 0.11016826923076922
3 0.3068342391304348 0.7772355769230769 0.06341032608695653 0.09213942307692308
3 0.2564538043478261 0.8693990384615385 0.08264945652173913 0.10415865384615385
3 0.3951494565217391 0.11218750000000001 0.06793478260869565 0.10817307692307693
3 0.7059510869565218 0.24740384615384617 0.060013586956521744 0.08612980769230769
3 0.9727173913043478 0.8623798076923077 0.05457880434782609 0.17026442307692308
2 0.23947010869565216 0.9587259615384615 0.13020380434782608 0.08252403846153845
2 0.7908695652173914 0.9497115384615384 0.11209239130434782 0.10055288461538461
2 0.546304347826087 0.3034855769230769 0.10302989130434782 0.12620192307692307
3 0.36967391304347824 0.29646634615384615 0.05547554347826087 0.09615384615384616
3 0.2796603260869565 0.2874519230769231 0.0702038043478261 0.10216346153846154