3 0.6334918478260869 0.5188221153846154 0.078125 0.12819711538461537
3 0.48233695652173914 0.6750721153846153 0.06566576086956522 0.11617788461538461
3 0.5547961956521739 0.8703846153846153 0.06114130434782609 0.1141826923076923
3 0.3068342391304348 0.8203125 0.15172554347826087 0.18629807692307693
3 0.28023097826086957 0.2954807692307692 0.057744565217391304 0.08612980769230769
3 0.390625 0.11218750000000001 0.05207880434782609 0.08413461538461539
3 0.37137228260869565 0.3075 0.043029891304347825 0.09814903846153845
3 0.7019972826086956 0.2564182692307692 0.04528532608695652 0.07211538461538461
2 0.546304347826087 0.3094951923076923 0.10982336956521739 0.10617788461538462
2 0.22078804347826086 0.9555288461538461 0.18115489130434784 0.08814903846153846
4 0.23267663043478262 0.5839423076923077 0.09398097826086957 0.12218749999999999
4 0.2105978260869565 0.09314903846153846 0.06341032608695653 0.078125
4 0.7269021739130435 0.16627403846153846 0.05887228260869565 0.09615384615384616