4 0.9114538043478262 0.9134615384615384 0.12228260869565218 0.14423076923076922
4 0.7586005434782609 0.7732451923076924 0.0702038043478261 0.08413461538461539
4 0.3204211956521739 0.9084615384615385 0.05887228260869565 0.09415865384615385
3 0.438179347826087 0.8183173076923077 0.04982336956521739 0.08213942307692308
3 0.3968478260869565 0.7231490384615384 0.060013586956521744 0.08012019230769231
3 0.2960869565217391 0.8203125 0.05322010869565218 0.06209134615384615
3 0.890516304347826 0.7291586538461539 0.05547554347826087 0.08012019230769231
3 0.7806793478260871 0.6900961538461539 0.05547554347826087 0.06209134615384615
3 0.8038994565217391 0.6119711538461539 0.04528532608695652 0.08213942307692308
3 0.4846059782608696 0.6590625 0.05887228260869565 0.06810096153846154
3 0.042459239130434784 0.9134615384615384 0.05547554347826087 0.08814903846153846
2 0.9510869565217391 0.6740865384615385 0.08379076086956522 0.10216346153846154