3 0.41440217391304346 0.9302884615384616 0.08423913043478261 0.13942307692307693
3 0.8833831521739129 0.9044471153846154 0.08831521739130435 0.1422355769230768
3 0.734483695652174 0.5558894230769231 0.057744565217391304 0.08612980769230766
3 0.7418478260869565 0.46274038461538464 0.04982336956521749 0.05608173076923073
3 0.4978532608695652 0.5028125 0.0418885869565218 0.08012019230769227
3 0.3806657608695652 0.689110576923077 0.05434782608695652 0.08814903846153836
3 0.639375 0.6770913461538461 0.050951086956521736 0.06411057692307683
3 0.7039130434782609 0.6380288461538461 0.04642663043478263 0.078125
3 0.038152173913043534 0.5328605769230769 0.0486820652173913 0.0681009615384615
3 0.5595516304347826 0.4296875 0.038491847826087014 0.06610576923076923
3 0.6586277173913043 0.6079807692307692 0.046426630434782554 0.058100961538461574