3 0.6546603260869566 0.0885336538461538 0.05887228260869571 0.10016826923076924
3 0.13270380434782603 0.4951923076923077 0.05434782608695652 0.10817307692307693
3 0.38688858695652173 0.39903846153846156 0.04868206521739136 0.09615384615384616
3 0.4418070652173913 0.41305288461538464 0.04302989130434777 0.08413461538461539
4 0.4967119565217391 0.44009615384615386 0.046426630434782554 0.07411057692307689
4 0.8046875 0.2998798076923077 0.1075679347826088 0.12218749999999996
4 0.1796875 0.22074519230769227 0.0736005434782609 0.12819711538461534
4 0.2674320652173914 0.3870192307692308 0.058872282608695634 0.06411057692307696
2 0.28555706521739127 0.14963942307692307 0.12228260869565218 0.11016826923076921
2 0.7225951086956522 0.10557692307692311 0.08831521739130435 0.21033653846153846
3 0.5589945652173913 0.271826923076923 0.046426630434782554 0.09415865384615388
2 0.9592391304347826 0.3088942307692308 0.08152173913043478 0.1041586538461538