3 0.18874999999999995 0.4767548076923077 0.08039402173913046 0.1201923076923077
1 0.344429347826087 0.6330048076923076 0.12680706521739132 0.1762740384615385
3 0.314429347826087 0.49278846153846156 0.0532201086956522 0.08012019230769227
3 0.5595516304347826 0.8162980769230769 0.07245923913043484 0.11819711538461529
3 0.7707201086956522 0.912451923076923 0.07133152173913043 0.10617788461538452
2 0.8199728260869565 0.6971153846153846 0.1245516304347827 0.13622596153846145
3 0.84375 0.6049759615384616 0.04755434782608696 0.0681009615384615
3 0.8092119565217392 0.3625721153846154 0.046426630434782706 0.07612980769230773
3 0.042119565217391304 0.1542548076923077 0.05434782608695652 0.05608173076923078
4 0.4429347826086957 0.5258413461538461 0.08152173913043478 0.09415865384615388
4 0.9088586956521738 0.8553605769230769 0.09171195652173914 0.12819711538461548
2 0.5805027173913043 0.6961057692307692 0.09398097826086951 0.1221875000000001