4 0.5712228260869565 0.7832451923076923 0.10529891304347826 0.12819711538461537
4 0.4964945652173913 0.9104567307692307 0.10302989130434782 0.17427884615384615
4 0.40873641304347824 0.8072836538461539 0.07472826086956522 0.10415865384615385
3 0.5106385869565218 0.7041346153846154 0.06114130434782609 0.09415865384615385
4 0.5151766304347827 0.62 0.05887228260869565 0.09814903846153845
4 0.47781250000000003 0.4617307692307693 0.07925271739130435 0.09014423076923077
4 0.5576358695652174 0.5178365384615384 0.09398097826086957 0.10216346153846154
3 0.3068342391304348 0.5478846153846153 0.06793478260869565 0.10216346153846154
3 0.4166711956521739 0.9094471153846153 0.06114130434782609 0.12420673076923078
3 0.6159375 0.6430288461538461 0.09963315217391304 0.15223557692307693
3 0.7240760869565217 0.4917788461538462 0.06680706521739131 0.08612980769230769
3 0.6391576086956522 0.46875 0.07360054347826087 0.1201923076923077
3 0.5655570652173914 0.42567307692307693 0.06453804347826086 0.09415865384615385