4 0.320991847826087 0.5482692307692308 0.08039402173913042 0.10617788461538466
4 0.6572690217391305 0.6594471153846155 0.10529891304347826 0.14423076923076922
4 0.5627309782608696 0.45913461538461536 0.08379076086956516 0.12819711538461534
4 0.5338586956521739 0.3269230769230769 0.10756793478260863 0.1242067307692308
4 0.45686141304347827 0.21875 0.08944293478260876 0.1762740384615384
4 0.5672554347826086 0.6324038461538463 0.08604619565217397 0.1502403846153846
4 0.2734375 0.6704807692307692 0.06226902173913041 0.0861298076923078
4 0.12171195652173913 0.32793269230769234 0.08491847826086957 0.10216346153846154
4 0.5547961956521739 0.8587740384615384 0.0792527173913044 0.12620192307692307
4 0.1913451086956522 0.8697836538461539 0.11548913043478261 0.15223557692307702
4 0.4557336956521739 0.49019230769230765 0.06001358695652168 0.12218749999999996
4 0.6066576086956522 0.078125 0.07472826086956522 0.15625
4 0.859375 0.21875 0.07925271739130425 0.13622596153846156
4 0.7665353260869565 0.09754807692307689 0.06793478260869565 0.1622596153846154
4 0.7206793478260869 0.3629807692307692 0.06226902173913041 0.1242067307692308
4 0.6436820652173914 0.5302403846153847 0.062269021739130494 0.12218749999999996
4 0.264375 0.11858173076923073 0.10077445652173915 0.13622596153846156
3 0.6578396739130435 0.24680288461538466 0.10190217391304356 0.15625
3 0.9290081521739131 0.7626201923076923 0.08264945652173904 0.16627403846153838
3 0.946671195652174 0.3760096153846154 0.10665760869565218 0.17427884615384615
3 0.8729619565217391 0.5342548076923077 0.09510869565217392 0.1782932692307692
3 0.647078804347826 0.8147115384615385 0.08944293478260876 0.1502403846153846
3 0.4517663043478261 0.644423076923077 0.09283967391304353 0.1302163461538461
4 0.10529891304347826 0.5012019230769231 0.0702038043478261 0.20031249999999995