4 0.4410054347826087 0.08713942307692307 0.09171195652173914 0.13822115384615385
4 0.6884103260869565 0.13822115384615385 0.12001358695652174 0.20432692307692307
4 0.5440489130434782 0.23036057692307693 0.1075679347826087 0.16425480769230769
4 0.9449728260869565 0.20834134615384617 0.11005434782608696 0.17228365384615385
4 0.9710190217391304 0.3936298076923077 0.05797554347826087 0.17427884615384615
3 0.881453804347826 0.5148317307692307 0.12341032608695653 0.22435096153846154
3 0.5802717391304347 0.48177884615384614 0.10982336956521739 0.21435096153846153
3 0.5559375 0.07012019230769231 0.11775815217391304 0.13622596153846153
3 0.563858695652174 0.689110576923077 0.0860461956521739 0.17627403846153847
3 0.4749728260869565 0.8293269230769231 0.09171195652173914 0.2003125
3 0.7246331521739131 0.45072115384615385 0.10190217391304347 0.15625