3 0.8822418478260871 0.5903365384615384 0.04755434782608696 0.09814903846153843
3 0.6841032608695652 0.4441105769230769 0.06341032608695654 0.08612980769230766
3 0.7497690217391305 0.4070432692307693 0.06793478260869565 0.09615384615384616
2 0.5006793478260869 0.20372596153846154 0.0566168478260869 0.17829326923076927
3 0.47123641304347824 0.13961538461538459 0.04982336956521734 0.09814903846153844
3 0.7282608695652174 0.30487980769230766 0.05661684782608706 0.08012019230769227
3 0.09986413043478261 0.07451923076923077 0.0656657608695652 0.10415865384615385
3 0.01947010869565223 0.2117307692307692 0.03169836956521739 0.08612980769230766
2 0.9371603260869565 0.21875 0.12567934782608695 0.1201923076923077
2 0.6824048913043478 0.7525961538461539 0.06453804347826086 0.062091346153846254
3 0.9326358695652174 0.829735576923077 0.050951086956521736 0.0801201923076924
3 0.3851902173913043 0.4451201923076923 0.038491847826087014 0.07612980769230773