4 0.44949728260869565 0.5088221153846153 0.06793478260869565 0.12819711538461537
4 0.3827038043478261 0.3315384615384615 0.05887228260869565 0.09014423076923077
4 0.28080163043478257 0.9334855769230769 0.07472826086956522 0.1201923076923077
4 0.5095108695652174 0.4096634615384615 0.0702038043478261 0.13021634615384617
4 0.7048233695652174 0.44771634615384615 0.06680706521739131 0.12620192307692307
4 0.3962907608695652 0.8162980769230769 0.05207880434782609 0.11819711538461539
4 0.7552038043478262 0.7492067307692308 0.06341032608695653 0.14423076923076922
4 0.6012228260869565 0.6510336538461539 0.05887228260869565 0.10415865384615385
4 0.499320652173913 0.9415144230769231 0.08152173913043478 0.11617788461538461
4 0.5129076086956522 0.7401923076923077 0.043029891304347825 0.10216346153846154
4 0.5434782608695652 0.6179807692307692 0.05887228260869565 0.09014423076923077
4 0.6278260869565218 0.7522115384615385 0.08039402173913043 0.09814903846153845
4 0.7710597826086957 0.8984375 0.05887228260869565 0.14223557692307692
4 0.20380434782608695 0.2854567307692308 0.05207880434782609 0.08213942307692308
2 0.28702445652173914 0.3075 0.08944293478260869 0.1141826923076923
3 0.21851902173913046 0.6600480769230769 0.07245923913043478 0.11819711538461539
3 0.3532608695652174 0.45572115384615386 0.05434782608695652 0.10216346153846154
3 0.13869565217391305 0.24838942307692308 0.05547554347826087 0.10415865384615385
3 0.6436820652173914 0.4757692307692307 0.041888586956521735 0.09814903846153845
3 0.5559375 0.5398557692307693 0.043029891304347825 0.07411057692307692
3 0.46478260869565213 0.7331730769230769 0.050951086956521736 0.14021634615384615
3 0.6680298913043479 0.6460336538461539 0.04982336956521739 0.11016826923076922
3 0.8118206521739131 0.6580528846153846 0.05207880434782609 0.09415865384615385
3 0.7693614130434783 0.48276442307692313 0.041888586956521735 0.09213942307692308
3 0.7450135869565218 0.2814423076923077 0.04755434782608696 0.09415865384615385
3 0.7659646739130435 0.1201923076923077 0.041888586956521735 0.07612980769230769
3 0.6504755434782609 0.9044471153846154 0.15737771739130435 0.1903125
3 0.9499592391304347 0.3565625 0.07925271739130435 0.13221153846153846