3 0.6046195652173914 0.8203125 0.07472826086956522 0.11016826923076922
3 0.2825 0.47877403846153843 0.078125 0.10016826923076924
3 0.18285326086956524 0.4777644230769231 0.060013586956521744 0.08213942307692308
2 0.21286684782608695 0.650048076923077 0.06793478260869565 0.16627403846153846
2 0.27004076086956524 0.854375 0.11209239130434782 0.1582451923076923
2 0.44610054347826084 0.9266826923076923 0.17436141304347827 0.1466346153846154
2 0.6136820652173913 0.17627403846153847 0.09283967391304347 0.09615384615384616
2 0.8706929347826088 0.2984855769230769 0.1358695652173913 0.07211538461538461
4 0.7863451086956522 0.17026442307692308 0.050951086956521736 0.08012019230769231
1 0.6136820652173913 0.4186778846153846 0.09283967391304347 0.15625
1 0.7852173913043478 0.8553605769230769 0.07360054347826087 0.12819711538461537