4 0.3098913043478261 0.8517548076923076 0.13474184782608695 0.19230769230769232
4 0.444633152173913 0.7736298076923076 0.12341032608695658 0.17627403846153855
4 0.5595516304347826 0.916875 0.0996331521739131 0.1221875000000001
4 0.04891304347826087 0.7956730769230769 0.09782608695652174 0.17307692307692307
3 0.11288043478260876 0.4971875 0.1279483695652174 0.25641826923076927
3 0.4157608695652174 0.5392548076923077 0.0996331521739131 0.18430288461538466
3 0.43671195652173916 0.9328846153846153 0.12341032608695658 0.12620192307692307
3 0.4265217391304348 0.3199038461538461 0.10529891304347826 0.22235576923076922
3 0.5301222826086956 0.18870192307692307 0.11322010869565223 0.2243509615384615
3 0.29120923913043484 0.1063701923076923 0.10869565217391304 0.2127403846153846
3 0.051630434782608696 0.2247596153846154 0.10326086956521739 0.2724278846153846