4 0.6742527173913043 0.09055288461538466 0.06906249999999999 0.09213942307692308
4 0.33797554347826086 0.30788461538461537 0.04642663043478259 0.06610576923076923
2 0.7002989130434782 0.5833413461538461 0.078125 0.06009615384615385
2 0.7478532608695652 0.6243990384615384 0.04188858695652164 0.1141826923076923
2 0.7563451086956521 0.6965144230769231 0.07925271739130425 0.05810096153846144
3 0.9707880434782609 0.38100961538461536 0.058423913043478264 0.10817307692307693
3 0.1992798913043478 0.047283653846153885 0.0905842391304348 0.09454326923076922
3 0.5078125 0.36399038461538463 0.062269021739130494 0.09814903846153843
3 0.369116847826087 0.38802884615384614 0.05434782608695652 0.07012019230769234
3 0.264945652173913 0.5392548076923077 0.05661684782608698 0.0681009615384615
3 0.546304347826087 0.5793269230769231 0.046426630434782554 0.0921394230769231
3 0.3215625 0.5873317307692308 0.0452853260869565 0.10016826923076927
3 0.9624048913043479 0.4871875 0.05207880434782599 0.07211538461538461
3 0.5236684782608696 0.6794951923076922 0.046426630434782554 0.05608173076923087
3 0.44949728260869565 0.6364182692307693 0.045285326086956575 0.062091346153846184
3 0.11039402173913043 0.4761538461538462 0.044157608695652176 0.05007211538461535
3 0.22815217391304346 0.3339423076923077 0.0328396739130435 0.062091346153846115