3 0.29008152173913043 0.6610576923076923 0.04755434782608696 0.08413461538461539
3 0.6575 0.4406971153846154 0.050951086956521736 0.10016826923076927
3 0.7780842391304347 0.5498798076923077 0.07020380434782618 0.09814903846153843
3 0.7758152173913043 0.7251682692307693 0.05207880434782599 0.10415865384615394
3 0.19157608695652173 0.7381730769230769 0.06341032608695654 0.09814903846153857
3 0.8714945652173912 0.4597355769230769 0.048682065217391206 0.05007211538461535
3 0.4735054347826087 0.4517307692307692 0.033967391304347824 0.09814903846153843
4 0.6914673913043478 0.7111298076923076 0.09850543478260869 0.12420673076923067
4 0.3670788043478261 0.511826923076923 0.07925271739130436 0.12218749999999996
1 0.27309782608695654 0.4467067307692308 0.06114130434782609 0.0881490384615385
4 0.5563858695652174 0.9543269230769231 0.07201086956521739 0.09134615384615384