3 0.32438858695652173 0.3826201923076923 0.08039402173913043 0.12420673076923078
3 0.15794836956521738 0.7191586538461539 0.10529891304347826 0.14824519230769231
3 0.4574320652173913 0.8363461538461539 0.07245923913043478 0.13021634615384617
3 0.5723505434782609 0.5308413461538461 0.06226902173913043 0.11617788461538461
3 0.6736820652173913 0.4527163461538462 0.06341032608695653 0.11218750000000001
3 0.8152173913043478 0.17127403846153846 0.05207880434782609 0.12620192307692307
3 0.8225815217391304 0.4487259615384615 0.06226902173913043 0.1201923076923077
3 0.8627717391304348 0.678076923076923 0.05207880434782609 0.09415865384615385
4 0.5236684782608696 0.35055288461538464 0.0871875 0.14824519230769231
4 0.3685461956521739 0.2283653846153846 0.07585597826086957 0.12420673076923078
4 0.4438451086956522 0.47475961538461536 0.09283967391304347 0.15223557692307693
4 0.13983695652173914 0.15625 0.0871875 0.12819711538461537
4 0.035665760869565216 0.7211538461538461 0.07133152173913043 0.11617788461538461
4 0.10417119565217392 0.8603846153846154 0.07699728260869565 0.10617788461538462
4 0.38552989130434784 0.9054567307692308 0.0690625 0.14824519230769231
4 0.5112092391304348 0.8123076923076924 0.04642663043478261 0.14223557692307692
4 0.5485733695652174 0.6530528846153847 0.0486820652173913 0.13622596153846153
4 0.7789809782608696 0.8363461538461539 0.04528532608695652 0.1141826923076923
4 0.7574728260869565 0.7061298076923077 0.04982336956521739 0.11016826923076922
4 0.8186141304347826 0.7802403846153846 0.04755434782608696 0.12620192307692307
4 0.8005027173913043 0.9507211538461539 0.05887228260869565 0.0985576923076923
3 0.7365217391304348 0.9457211538461539 0.06226902173913043 0.10858173076923078
3 0.564429347826087 0.8223076923076923 0.057744565217391304 0.11819711538461539
2 0.5785733695652173 0.9567307692307693 0.12001358695652174 0.08653846153846154
2 0.24399456521739132 0.18629807692307693 0.11661684782608696 0.10415865384615385
1 0.2473913043478261 0.43168269230769235 0.04642663043478261 0.07012019230769231
2 0.16644021739130435 0.9677403846153846 0.09510869565217392 0.06449519230769231
3 0.9188179347826086 0.47276442307692307 0.060013586956521744 0.10415865384615385