3 0.7988043478260869 0.13562500000000005 0.08264945652173904 0.12620192307692307
3 0.2858967391304348 0.05829326923076923 0.08718750000000001 0.11658653846153846
3 0.4166711956521739 0.22675480769230766 0.06341032608695647 0.1041586538461538
3 0.3589266304347826 0.4841826923076923 0.06793478260869565 0.09014423076923077
3 0.4964945652173913 0.7616105769230769 0.055475543478260926 0.12420673076923067
3 0.3458967391304348 0.6404326923076922 0.11436141304347829 0.1622596153846154
3 0.44044836956521743 0.7926682692307693 0.05434782608695652 0.09814903846153857
3 0.664633152173913 0.4731490384615385 0.045285326086956575 0.06009615384615385
3 0.9403260869565218 0.5462740384615384 0.03736413043478261 0.09814903846153843
3 0.8899456521739131 0.5152163461538461 0.06114130434782609 0.08012019230769227
3 0.6923641304347826 0.7025240384615384 0.05322010869565212 0.078125
2 0.7874728260869566 0.30288461538461536 0.10529891304347826 0.18430288461538466
2 0.5944293478260869 0.4721634615384615 0.10417119565217385 0.1662740384615385
1 0.2791032608695652 0.3349278846153846 0.06226902173913041 0.10016826923076927
1 0.24456521739130435 0.15865384615384615 0.07472826086956522 0.08814903846153849
1 0.2955163043478261 0.4811778846153846 0.07472826086956522 0.10016826923076927