2 0.3702445652173913 0.8303365384615385 0.11548913043478261 0.13822115384615385
2 0.6176358695652173 0.6430288461538461 0.08039402173913043 0.08413461538461539
2 0.7687907608695653 0.2754326923076923 0.09283967391304347 0.078125
2 0.9664809782608696 0.21435096153846153 0.06702445652173913 0.09615384615384616
3 0.26664402173913043 0.7061298076923077 0.030570652173913044 0.06209134615384615
4 0.30910326086956524 0.6610576923076923 0.05207880434782609 0.07211538461538461
3 0.18285326086956524 0.9537259615384616 0.06453804347826086 0.09254807692307693
3 0.22815217391304346 0.7662259615384616 0.078125 0.09415865384615385
3 0.2026766304347826 0.6550480769230769 0.08831521739130435 0.09213942307692308
3 0.11945652173913043 0.7111298076923076 0.050951086956521736 0.07612980769230769
3 0.5134782608695653 0.3836057692307693 0.0486820652173913 0.07012019230769231
3 0.3736413043478261 0.4076442307692308 0.04755434782608696 0.078125
3 0.3543885869565217 0.6911057692307693 0.036236413043478265 0.07612980769230769