4 0.5955570652173913 0.5188221153846154 0.08379076086956522 0.13221153846153846
4 0.30118206521739127 0.6219951923076923 0.07472826086956522 0.11016826923076922
4 0.14605978260869565 0.5058173076923077 0.07699728260869565 0.09415865384615385
4 0.44440217391304343 0.3355288461538462 0.09171195652173914 0.12218749999999999
4 0.8661684782608695 0.49778846153846157 0.08831521739130435 0.13021634615384617
4 0.929578804347826 0.78625 0.0860461956521739 0.1542548076923077
4 0.8316304347826088 0.9465144230769231 0.08944293478260869 0.10617788461538462
4 0.8848505434782609 0.639014423076923 0.0871875 0.1201923076923077
4 0.7563451086956521 0.5719230769230769 0.07245923913043478 0.1141826923076923
4 0.6238722826086956 0.1141826923076923 0.10417119565217392 0.14423076923076922
4 0.5870652173913044 0.6640625 0.078125 0.11819711538461539
4 0.5859375 0.8203125 0.07585597826086957 0.1502403846153846
4 0.4410054347826087 0.7291586538461539 0.07360054347826087 0.11218750000000001
4 0.9290081521739131 0.29346153846153844 0.0871875 0.17829326923076924
3 0.8089945652173912 0.3585817307692307 0.08264945652173913 0.14824519230769231
3 0.6617934782608695 0.37759615384615386 0.08491847826086957 0.1542548076923077
3 0.3849592391304348 0.542860576923077 0.08152173913043478 0.17228365384615385
3 0.25815217391304346 0.9054567307692308 0.10869565217391304 0.15223557692307693
3 0.5213994565217391 0.08213942307692308 0.08264945652173913 0.16425480769230769
3 0.5780163043478261 0.24740384615384617 0.09623641304347826 0.10617788461538462
3 0.4846059782608696 0.5258413461538461 0.12001358695652174 0.20632211538461537
3 0.5230978260869565 0.3996394230769231 0.07925271739130435 0.11819711538461539
3 0.7835190217391304 0.11918269230769231 0.10642663043478261 0.1622596153846154
3 0.2105978260869565 0.28947115384615385 0.09283967391304347 0.1542548076923077