3 0.4984103260869565 0.8573798076923077 0.08831521739130435 0.13221153846153846
3 0.6773097826086957 0.9747596153846154 0.08379076086956525 0.05048076923076923
3 0.7746875 0.7071394230769231 0.05434782608695652 0.07211538461538461
3 0.8505434782608695 0.46975961538461536 0.04755434782608696 0.058100961538461574
3 0.24762228260869565 0.9567307692307693 0.0532201086956522 0.08653846153846154
4 0.3693342391304348 0.8914182692307692 0.07925271739130436 0.09615384615384616
4 0.41293478260869565 0.8032932692307693 0.05322010869565212 0.08413461538461539
4 0.874891304347826 0.7241586538461539 0.08039402173913053 0.09415865384615375
4 0.7978940217391305 0.8864182692307693 0.04188858695652164 0.09415865384615375
2 0.7469429347826086 0.873389423076923 0.046426630434782706 0.2323798076923076
4 0.7010869565217391 0.8183173076923077 0.04755434782608696 0.09415865384615375
2 0.21138586956521746 0.7912740384615385 0.08718750000000001 0.1121874999999999
3 0.5029483695652174 0.7501923076923076 0.06793478260869565 0.0701201923076922
3 0.42312500000000003 0.43971153846153843 0.050951086956521736 0.058100961538461574
3 0.5029483695652174 0.6340144230769231 0.0362364130434782 0.054086538461538464