3 0.7099184782608695 0.6610576923076923 0.04755434782608696 0.08413461538461539
3 0.3425 0.4406971153846154 0.050951086956521736 0.10016826923076924
3 0.22191576086956524 0.5498798076923077 0.0702038043478261 0.09814903846153845
3 0.22418478260869565 0.7251682692307693 0.05207880434782609 0.10415865384615385
3 0.8084239130434783 0.7381730769230769 0.06341032608695653 0.09814903846153845
3 0.1285054347826087 0.4597355769230769 0.0486820652173913 0.05007211538461538
3 0.5264945652173914 0.4517307692307692 0.033967391304347824 0.09814903846153845
4 0.3085326086956522 0.7111298076923076 0.09850543478260869 0.12420673076923078
4 0.6329211956521739 0.511826923076923 0.07925271739130435 0.12218749999999999
1 0.7269021739130435 0.4467067307692308 0.06114130434782609 0.08814903846153846
4 0.4427038043478261 0.954735576923077 0.07245923913043478 0.09055288461538462