4 0.42877717391304343 0.21675480769230773 0.10529891304347826 0.12819711538461537
4 0.5035054347826087 0.08954326923076923 0.10302989130434788 0.17427884615384615
4 0.5912635869565218 0.1927163461538462 0.07472826086956522 0.10415865384615383
3 0.4893614130434783 0.2958653846153846 0.06114130434782609 0.09415865384615388
4 0.4848233695652174 0.37999999999999995 0.05887228260869571 0.09814903846153843
4 0.5221875 0.5382692307692307 0.0792527173913044 0.09014423076923077
4 0.44236413043478257 0.48216346153846157 0.09398097826086951 0.10216346153846154
3 0.6931657608695652 0.45211538461538464 0.06793478260869565 0.10216346153846154
3 0.5833288043478261 0.09055288461538466 0.06114130434782609 0.12420673076923078
3 0.38406250000000003 0.35697115384615385 0.09963315217391307 0.15223557692307688
3 0.2759239130434783 0.5082211538461539 0.06680706521739133 0.08612980769230766
3 0.3608423913043478 0.53125 0.07360054347826085 0.1201923076923077
3 0.4344429347826087 0.574326923076923 0.06453804347826086 0.09415865384615388