3 0.7291711956521738 0.8042788461538461 0.10190217391304347 0.1542548076923077
3 0.31589673913043476 0.4076442307692308 0.08379076086956522 0.13021634615384617
3 0.8157880434782608 0.43569711538461536 0.09171195652173914 0.12218749999999999
3 0.9534646739130435 0.34956730769230765 0.09307065217391304 0.14622596153846154
3 0.9001358695652174 0.6450240384615384 0.0702038043478261 0.10415865384615385
2 0.25927989130434786 0.62 0.08379076086956522 0.14622596153846154
4 0.5570652173913043 0.5398557692307693 0.07472826086956522 0.13822115384615385
4 0.43930706521739127 0.5208413461538461 0.09510869565217392 0.13221153846153846
4 0.35043478260869565 0.678076923076923 0.08039402173913043 0.13822115384615385
4 0.48516304347826084 0.795264423076923 0.09398097826086957 0.12420673076923078
4 0.3685461956521739 0.8603846153846154 0.1324728260869565 0.234375
4 0.5989538043478261 0.7892548076923076 0.12907608695652173 0.13221153846153846
4 0.8305027173913043 0.7792548076923077 0.09171195652173914 0.18430288461538463
4 0.8005027173913043 0.6049759615384616 0.09283967391304347 0.15223557692307693
4 0.2270108695652174 0.2333653846153846 0.08039402173913043 0.1141826923076923
4 0.2179619565217391 0.9306971153846154 0.13474184782608695 0.1386298076923077
4 0.9397690217391304 0.8193028846153846 0.11096467391304347 0.19230769230769232
4 0.7421875 0.9387019230769231 0.11436141304347826 0.12259615384615384
4 0.5604619565217391 0.9204807692307693 0.07699728260869565 0.12620192307692307
4 0.05264945652173913 0.4497115384615385 0.08944293478260869 0.16627403846153846
4 0.7223777173913043 0.5328605769230769 0.06341032608695653 0.14824519230769231
4 0.6566983695652173 0.6770913461538461 0.05434782608695652 0.11218750000000001