3 0.3979891304347826 0.5318509615384616 0.06226902173913043 0.10617788461538462
3 0.2553260869565217 0.2714423076923077 0.060013586956521744 0.10216346153846154
3 0.12341032608695653 0.3685817307692308 0.06114130434782609 0.08413461538461539
3 0.3204211956521739 0.9254807692307693 0.07472826086956522 0.12819711538461537
3 0.1930434782608696 0.29146634615384615 0.04642663043478261 0.10216346153846154
3 0.3102309782608696 0.14021634615384615 0.05661684782608696 0.09615384615384616
3 0.4630842391304348 0.3395432692307692 0.043029891304347825 0.09014423076923077
3 0.25985054347826086 0.11617788461538461 0.028301630434782607 0.06411057692307692
4 0.39968750000000003 0.3345432692307692 0.07245923913043478 0.10016826923076924
2 0.6963315217391305 0.8123076923076924 0.12228260869565218 0.18228365384615383
3 0.6453804347826086 0.6280048076923077 0.03849184782608695 0.09014423076923077