4 0.5576358695652174 0.4611298076923077 0.08264945652173919 0.14423076923076922
4 0.8084239130434783 0.39903846153846156 0.08604619565217382 0.1362259615384616
4 0.7269021739130435 0.47817307692307687 0.06114130434782609 0.1141826923076923
4 0.8288043478260869 0.22074519230769227 0.06566576086956512 0.1522355769230769
4 0.9120244565217391 0.1897115384615385 0.07133152173913043 0.17026442307692305
4 0.9386277173913044 0.45512019230769235 0.07699728260869575 0.1201923076923077
4 0.9721467391304348 0.2692307692307692 0.05570652173913043 0.1346153846153846
4 0.7557744565217391 0.06531250000000004 0.08039402173913053 0.13060096153846154
4 0.6210326086956521 0.18870192307692307 0.10756793478260863 0.14824519230769234
4 0.5587635869565217 0.0755288461538462 0.08944293478260876 0.13822115384615385
4 0.4936548913043478 0.20673076923076922 0.08379076086956516 0.1161778846153846
4 0.390625 0.11858173076923073 0.10869565217391304 0.21233173076923073
4 0.34419836956521743 0.34295673076923083 0.06114130434782612 0.10016826923076927
4 0.1749320652173913 0.35096153846153844 0.10077445652173915 0.14423076923076922
4 0.19904891304347827 0.10216346153846154 0.11820652173913043 0.20432692307692307
4 0.05831521739130435 0.21473557692307688 0.11209239130434782 0.15625
4 0.11775815217391304 0.6644711538461537 0.09510869565217392 0.13822115384615385
4 0.05604619565217391 0.5472836538461537 0.10302989130434781 0.18028846153846148
3 0.5417798913043478 0.6153846153846154 0.078125 0.14423076923076922
3 0.31137228260869565 0.5933413461538461 0.09283967391304346 0.15223557692307688
3 0.8101222826086957 0.5602884615384617 0.08039402173913053 0.1502403846153847
3 0.9029619565217392 0.3519711538461539 0.07585597826086947 0.15425480769230773
3 0.7393614130434782 0.19771634615384615 0.09510869565217392 0.14223557692307695
3 0.9551630434782609 0.6534375000000001 0.08967391304347826 0.21634615384615385
3 0.26211956521739127 0.40103365384615386 0.07133152173913043 0.12819711538461534
3 0.18569293478260868 0.5132211538461539 0.09737771739130437 0.14423076923076922
3 0.2321059782608696 0.2678365384615385 0.08604619565217389 0.1141826923076923