4 0.6682472826086957 0.6189903846153846 0.09963315217391303 0.18028846153846154
4 0.2419565217391305 0.6380288461538461 0.06001358695652176 0.10617788461538459
4 0.835828804347826 0.29146634615384615 0.08604619565217382 0.11819711538461543
4 0.8663994565217391 0.46975961538461536 0.07699728260869575 0.13420673076923073
4 0.7203396739130434 0.13822115384615385 0.09283967391304346 0.09213942307692305
4 0.7299592391304348 0.37661057692307687 0.06453804347826086 0.09213942307692304
4 0.9167798913043478 0.36158653846153843 0.1098233695652173 0.12218749999999996
3 0.8103532608695652 0.8924278846153846 0.09398097826086967 0.13822115384615385
3 0.6688179347826086 0.8413461538461539 0.057744565217391304 0.09615384615384616
3 0.7384510869565217 0.7542067307692307 0.05661684782608706 0.13822115384615385
3 0.32065217391304346 0.7702403846153847 0.07020380434782607 0.1221875000000001
3 0.15081521739130435 0.28444711538461537 0.06793478260869565 0.11218749999999997
3 0.296875 0.5659134615384616 0.07699728260869568 0.14223557692307695
3 0.8307336956521738 0.11317307692307692 0.11209239130434782 0.1342067307692308
4 0.5561548913043478 0.8623798076923077 0.0973777173913043 0.1221875000000001
4 0.5771059782608695 0.6740865384615385 0.08264945652173919 0.13822115384615385
4 0.23970108695652168 0.46675480769230765 0.08718750000000001 0.13221153846153846
3 0.435570652173913 0.8523557692307692 0.08491847826086957 0.18629807692307693
4 0.530679347826087 0.48177884615384614 0.10077445652173908 0.1101682692307692
4 0.4469021739130435 0.6089663461538463 0.08718749999999995 0.108173076923077
1 0.2176222826086956 0.9264903846153847 0.05661684782608698 0.08213942307692298