3 0.4574320652173913 0.48677884615384615 0.09737771739130435 0.16826923076923078
3 0.272866847826087 0.7341826923076924 0.09510869565217392 0.1502403846153846
3 0.3776086956521739 0.9507211538461539 0.08039402173913043 0.0985576923076923
3 0.04642663043478261 0.9367067307692308 0.09283967391304347 0.12661057692307692
3 0.13869565217391305 0.049086538461538466 0.07585597826086957 0.09814903846153845
3 0.12625 0.2834615384615385 0.060013586956521744 0.09814903846153845
3 0.5281929347826086 0.16125 0.06226902173913043 0.08612980769230769
3 0.38156249999999997 0.036057692307692304 0.05207880434782609 0.07211538461538461
2 0.3475951086956522 0.26942307692307693 0.13134510869565216 0.13420673076923076
4 0.8559782608695652 0.7642307692307693 0.10642663043478261 0.19831730769230768
4 0.5519701086956522 0.05509615384615385 0.09398097826086957 0.11016826923076922
2 0.7308695652173912 0.31651442307692307 0.10529891304347826 0.13221153846153846