4 0.40444293478260873 0.4811778846153846 0.08379076086956516 0.13221153846153846
4 0.6988179347826088 0.3780048076923077 0.07472826086956522 0.1101682692307692
4 0.8539402173913043 0.49418269230769235 0.07699728260869575 0.09415865384615388
4 0.5555978260869565 0.6644711538461537 0.09171195652173914 0.12218750000000003
4 0.13383152173913043 0.5022115384615384 0.08831521739130435 0.1302163461538462
4 0.07042119565217397 0.21375000000000005 0.0860461956521739 0.15425480769230773
4 0.16836956521739124 0.05348557692307692 0.08944293478260867 0.10617788461538462
4 0.11514945652173914 0.360985576923077 0.08718750000000001 0.1201923076923077
4 0.2436548913043479 0.42807692307692313 0.07245923913043475 0.1141826923076923
4 0.37612771739130435 0.8858173076923077 0.10417119565217389 0.14423076923076922
4 0.41293478260869565 0.3359375 0.078125 0.11819711538461543
4 0.4140625 0.1796875 0.07585597826086962 0.1502403846153846
4 0.5589945652173913 0.2708413461538462 0.07360054347826081 0.11218750000000004
4 0.07099184782608696 0.7065384615384616 0.08718750000000001 0.17829326923076913
3 0.19100543478260876 0.6414182692307693 0.0826494565217391 0.1482451923076923
3 0.33820652173913046 0.622403846153846 0.08491847826086957 0.15425480769230765
3 0.6150407608695653 0.45713942307692307 0.08152173913043478 0.17228365384615388
3 0.7418478260869565 0.0945432692307692 0.10869565217391304 0.1522355769230769
3 0.47860054347826086 0.9178605769230769 0.08264945652173919 0.1642548076923078
3 0.4219836956521739 0.7525961538461539 0.09623641304347831 0.10617788461538452
3 0.5153940217391304 0.47415865384615385 0.1200135869565218 0.20632211538461534
3 0.47690217391304346 0.6003605769230769 0.0792527173913044 0.11819711538461536
3 0.21648097826086962 0.8808173076923077 0.1064266304347826 0.1622596153846154
3 0.7894021739130435 0.7105288461538461 0.09283967391304337 0.1542548076923076