3 0.5618206521739131 0.7121394230769231 0.10190217391304347 0.18629807692307693
3 0.7191983695652174 0.30649038461538464 0.08604619565217389 0.11218750000000004
3 0.6999592391304347 0.18329326923076922 0.07020380434782611 0.10216346153846154
4 0.19214673913043473 0.7251682692307693 0.11661684782608693 0.16826923076923078
4 0.4095380434782609 0.4877884615384615 0.08718749999999995 0.12218749999999996
4 0.05004076086956527 0.5528846153846154 0.06793478260869565 0.0881490384615385
4 0.13156250000000005 0.10415865384615385 0.0905842391304348 0.13221153846153846
4 0.1564809782608695 0.23737980769230768 0.06341032608695654 0.09014423076923077
4 0.7939266304347826 0.21435096153846153 0.09058423913043488 0.10817307692307693
4 0.5952173913043478 0.239375 0.078125 0.09014423076923077
4 0.21467391304347827 0.04927884615384615 0.07065217391304347 0.0985576923076923