3 0.6020108695652173 0.5318509615384616 0.062269021739130494 0.10617788461538466
3 0.7446739130434783 0.2714423076923077 0.060013586956521835 0.10216346153846158
3 0.8765896739130434 0.3685817307692308 0.06114130434782609 0.08413461538461539
3 0.679578804347826 0.9254807692307693 0.07472826086956522 0.12819711538461548
3 0.8069565217391304 0.29146634615384615 0.046426630434782706 0.10216346153846154
3 0.6897690217391304 0.14021634615384615 0.05661684782608698 0.09615384615384616
3 0.5369157608695653 0.3395432692307692 0.04302989130434777 0.09014423076923077
3 0.7401494565217391 0.11617788461538461 0.02830163043478251 0.06411057692307692
4 0.6003125 0.3345432692307692 0.07245923913043484 0.10016826923076927
2 0.30366847826086957 0.8123076923076924 0.12228260869565218 0.18228365384615394
3 0.3546195652173913 0.6280048076923077 0.03849184782608697 0.09014423076923077