1 0.6233016304347826 0.5813221153846154 0.09623641304347831 0.16026442307692312
1 0.7025543478260871 0.18069711538461541 0.10077445652173915 0.19230769230769232
2 0.5434782608695652 0.26581730769230766 0.08152173913043478 0.17427884615384615
2 0.20889945652173914 0.3519711538461539 0.06453804347826086 0.19430288461538459
2 0.2858967391304348 0.13862980769230773 0.11888586956521739 0.19230769230769232
2 0.4455434782608696 0.0733173076923077 0.16191576086956516 0.1466346153846154
2 0.6012228260869565 0.7806490384615384 0.09283967391304353 0.1542548076923076
3 0.608016304347826 0.17168269230769234 0.08152173913043478 0.11016826923076921
3 0.2791032608695652 0.5332451923076923 0.08944293478260867 0.11617788461538457
3 0.18455163043478262 0.5242307692307693 0.049823369565217414 0.08213942307692311
2 0.8803260869565217 0.7145432692307693 0.13474184782608706 0.09014423076923077