3 0.7291711956521738 0.19572115384615388 0.10190217391304347 0.15425480769230773
3 0.31589673913043476 0.5923557692307692 0.0837907608695652 0.1302163461538462
3 0.8157880434782608 0.5643028846153846 0.09171195652173914 0.12218750000000003
3 0.9534646739130435 0.6504326923076924 0.09307065217391304 0.14622596153846157
3 0.9001358695652174 0.35497596153846156 0.07020380434782618 0.1041586538461538
2 0.25927989130434786 0.37999999999999995 0.08379076086956525 0.1462259615384615
4 0.5570652173913043 0.4601442307692307 0.07472826086956522 0.13822115384615385
4 0.43930706521739127 0.47915865384615386 0.09510869565217392 0.13221153846153846
4 0.35043478260869565 0.321923076923077 0.08039402173913042 0.13822115384615385
4 0.48516304347826084 0.20473557692307695 0.09398097826086951 0.12420673076923079
4 0.3685461956521739 0.13961538461538459 0.1324728260869565 0.234375
4 0.5989538043478261 0.21074519230769234 0.12907608695652173 0.13221153846153846
4 0.8305027173913043 0.22074519230769227 0.09171195652173914 0.18430288461538466
4 0.8005027173913043 0.3950240384615385 0.09283967391304337 0.15223557692307688
4 0.2270108695652174 0.7666346153846154 0.08039402173913046 0.1141826923076923
4 0.21739130434782608 0.06850961538461539 0.1358695652173913 0.13701923076923078
4 0.9397690217391304 0.18069711538461541 0.11096467391304357 0.19230769230769232
4 0.7421875 0.06129807692307692 0.11436141304347829 0.12259615384615384
4 0.5604619565217391 0.07951923076923073 0.0769972826086956 0.12620192307692307
4 0.05264945652173913 0.5502884615384616 0.08944293478260867 0.1662740384615385
4 0.7223777173913043 0.46713942307692313 0.06341032608695654 0.14824519230769234
4 0.6566983695652173 0.3229086538461538 0.05434782608695652 0.11218750000000004