3 0.45539402173913046 0.2387740384615384 0.0973777173913043 0.14824519230769234
3 0.4978532608695652 0.7105288461538461 0.062269021739130494 0.09014423076923077
3 0.2425271739130435 0.7576201923076924 0.052078804347826066 0.0761298076923076
3 0.1213722826086957 0.7806490384615384 0.052078804347826066 0.09814903846153857
3 0.4514266304347826 0.8307211538461539 0.039633152173912986 0.054086538461538464
3 0.35519021739130435 0.8177163461538461 0.060013586956521724 0.06411057692307683
3 0.40217391304347827 0.8858173076923077 0.033967391304347824 0.06009615384615385
2 0.8233695652173914 0.857764423076923 0.13134510869565227 0.11617788461538471
2 0.5035054347826087 0.8828125 0.10529891304347826 0.11819711538461529
1 0.6875 0.5933413461538461 0.04755434782608696 0.0681009615384615
1 0.5737092391304348 0.35497596153846156 0.032839673913043425 0.08012019230769227