3 0.6886277173913044 0.19370192307692305 0.06793478260869565 0.0821394230769231
3 0.7848777173913043 0.23276442307692305 0.06114130434782609 0.0881490384615385
3 0.8794157608695652 0.20173076923076927 0.062269021739130334 0.06610576923076923
3 0.8754483695652174 0.27985576923076927 0.05434782608695652 0.078125
3 0.7146739130434783 0.3840144230769231 0.058872282608695634 0.07411057692307689
3 0.9314945652173914 0.4921875 0.04188858695652164 0.078125
3 0.4344429347826087 0.2578125 0.044157608695652176 0.10216346153846154
3 0.288953804347826 0.17668269230769232 0.058872282608695634 0.08814903846153849
3 0.09307065217391304 0.3399519230769231 0.0702038043478261 0.08213942307692311
3 0.15081521739130435 0.24278846153846154 0.07472826086956522 0.12819711538461534
3 0.25044836956521743 0.2808413461538461 0.04076086956521739 0.07211538461538461
3 0.35122282608695654 0.04326923076923077 0.07472826086956522 0.08653846153846154
3 0.6303260869565218 0.3719951923076923 0.0418885869565218 0.09014423076923077
3 0.679578804347826 0.44310096153846157 0.033967391304347824 0.06411057692307696
3 0.5737092391304348 0.41004807692307693 0.055475543478260926 0.08213942307692311
3 0.6235326086956522 0.622403846153846 0.04868206521739136 0.0981490384615385
4 0.5855978260869565 0.5072115384615384 0.07020380434782603 0.08413461538461539
4 0.4865217391304348 0.40103365384615386 0.07360054347826081 0.0881490384615385
4 0.05570652173913043 0.10355769230769227 0.07472826086956522 0.10216346153846154
2 0.21082880434782603 0.0945432692307692 0.15851902173913046 0.1201923076923077