3 0.05366847826086957 0.8834134615384616 0.10733695652173914 0.20432692307692307
4 0.16191576086956525 0.2848557692307692 0.10869565217391307 0.17228365384615388
4 0.408179347826087 0.544278846153846 0.16417119565217392 0.2463942307692307
4 0.5038451086956521 0.8607692307692307 0.12455163043478255 0.1542548076923076
4 0.812391304347826 0.7666346153846154 0.1098233695652173 0.16627403846153838
4 0.9391983695652174 0.6784855769230769 0.12115489130434792 0.23036057692307696
4 0.6436820652173914 0.3199038461538461 0.10529891304347826 0.17427884615384615
4 0.8271059782608695 0.20774038461538466 0.09623641304347816 0.15425480769230773
4 0.6850135869565218 0.1596634615384616 0.1200135869565218 0.12620192307692307
4 0.421195652173913 0.31689903846153844 0.0996331521739131 0.16026442307692312
4 0.2960869565217391 0.19069711538461534 0.0826494565217391 0.12819711538461537
3 0.26834239130434784 0.35096153846153844 0.09510869565217392 0.15625
3 0.6066576086956522 0.05048076923076923 0.10190217391304347 0.10096153846153846