4 0.5955570652173913 0.4831730769230769 0.08152173913043478 0.1201923076923077
4 0.9227853260869565 0.2087259615384615 0.12228260869565218 0.18430288461538466
4 0.8910733695652174 0.3719951923076923 0.09963315217391294 0.1502403846153846
4 0.8633423913043478 0.5012019230769231 0.0690624999999999 0.12819711538461534
4 0.5876358695652174 0.3239182692307692 0.0769972826086956 0.13420673076923073
4 0.4353532608695652 0.6474278846153847 0.09398097826086951 0.12420673076923074
4 0.1466304347826087 0.4921875 0.07585597826086958 0.13420673076923073
4 0.4353532608695652 0.2738461538461539 0.08491847826086957 0.13420673076923073
4 0.5893342391304348 0.16365384615384612 0.078125 0.13021634615384617
4 0.8316304347826088 0.07132211538461543 0.09623641304347816 0.1426201923076923
3 0.81125 0.6464423076923076 0.08264945652173904 0.12218750000000003
3 0.6612364130434784 0.622403846153846 0.08152173913043485 0.13822115384615385
3 0.5785733695652173 0.7225480769230769 0.0769972826086956 0.1582451923076924
3 0.5236684782608696 0.6033653846153846 0.06453804347826086 0.08012019230769234
3 0.4625271739130435 0.5172355769230769 0.08718749999999995 0.1362259615384616
3 0.3861005434782609 0.44711538461538464 0.06793478260869565 0.14423076923076922
3 0.49819293478260873 0.375 0.07245923913043484 0.1201923076923077
3 0.2638179347826087 0.1145913461538462 0.08379076086956525 0.1762740384615384
3 0.2456929347826087 0.7676201923076923 0.07472826086956522 0.17627403846153855
3 0.39402173913043476 0.8517548076923076 0.07245923913043484 0.17627403846153855
3 0.516875 0.9178605769230769 0.1143614130434782 0.1201923076923077
3 0.7835190217391304 0.8818028846153846 0.10190217391304347 0.14021634615384626
2 0.6668885869565218 0.8287259615384616 0.09283967391304353 0.08213942307692298
3 0.7065217391304348 0.3319230769230769 0.06793478260869565 0.1302163461538462
4 0.048125 0.6023557692307693 0.06226902173913043 0.09814903846153843
4 0.18059782608695651 0.6143750000000001 0.050951086956521736 0.11418269230769237
4 0.30910326086956524 0.38201923076923083 0.06341032608695654 0.1462259615384615