4 0.320991847826087 0.4517307692307692 0.08039402173913043 0.10617788461538462
4 0.6572690217391305 0.3405528846153846 0.10529891304347826 0.14423076923076922
4 0.5627309782608696 0.5408653846153846 0.08379076086956522 0.12819711538461537
4 0.5338586956521739 0.6730769230769231 0.1075679347826087 0.12420673076923078
4 0.45686141304347827 0.78125 0.08944293478260869 0.17627403846153847
4 0.5672554347826086 0.3675961538461538 0.0860461956521739 0.1502403846153846
4 0.2734375 0.3295192307692308 0.06226902173913043 0.08612980769230769
4 0.12171195652173913 0.6720673076923076 0.08491847826086957 0.10216346153846154
4 0.5547961956521739 0.14122596153846154 0.07925271739130435 0.12620192307692307
4 0.1913451086956522 0.13021634615384617 0.11548913043478261 0.15223557692307693
4 0.4557336956521739 0.5098076923076923 0.060013586956521744 0.12218749999999999
4 0.607445652173913 0.9216826923076924 0.07360054347826087 0.15665865384615385
4 0.859375 0.78125 0.07925271739130435 0.13622596153846153
4 0.7665353260869565 0.9024519230769231 0.06793478260869565 0.1622596153846154
4 0.7206793478260869 0.6370192307692307 0.06226902173913043 0.12420673076923078
4 0.6436820652173914 0.46975961538461536 0.06226902173913043 0.12218749999999999
4 0.264375 0.8814182692307693 0.10077445652173914 0.13622596153846153
3 0.6578396739130435 0.7531971153846153 0.10190217391304347 0.15625
3 0.9290081521739131 0.23737980769230768 0.08264945652173913 0.16627403846153846
3 0.946671195652174 0.6239903846153846 0.10665760869565218 0.17427884615384615
3 0.8729619565217391 0.4657451923076923 0.09510869565217392 0.17829326923076924
3 0.647078804347826 0.18528846153846154 0.08944293478260869 0.1502403846153846
3 0.4517663043478261 0.35557692307692307 0.09283967391304347 0.13021634615384617
4 0.10529891304347826 0.4987980769230769 0.0702038043478261 0.2003125