2 0.6023505434782609 0.5358653846153846 0.09963315217391304 0.20233173076923078
2 0.7937092391304347 0.6921153846153847 0.09283967391304347 0.19831730769230768
3 0.4155298913043478 0.7832451923076923 0.0702038043478261 0.10016826923076924
3 0.28532608695652173 0.9417067307692307 0.07925271739130435 0.11658653846153846
3 0.7999320652173914 0.8523557692307692 0.08264945652173913 0.13822115384615385
3 0.35665760869565216 0.5268509615384616 0.05434782608695652 0.10415865384615385
3 0.5038451086956521 0.22235576923076922 0.05434782608695652 0.12819711538461537
3 0.4466711956521739 0.19831730769230768 0.0690625 0.09615384615384616
3 0.36967391304347824 0.3715865384615385 0.050951086956521736 0.12620192307692307
3 0.9386277173913044 0.43569711538461536 0.043029891304347825 0.09014423076923077
3 0.8848505434782609 0.4887740384615385 0.057744565217391304 0.07211538461538461