4 0.5589945652173913 0.9128605769230769 0.09171195652173914 0.13822115384615385
4 0.31158967391304343 0.8617788461538461 0.12001358695652176 0.20432692307692307
4 0.4559510869565217 0.7696394230769231 0.10756793478260863 0.1642548076923078
4 0.05502717391304348 0.7916586538461539 0.11005434782608696 0.17228365384615374
4 0.028532608695652172 0.6057692307692307 0.057065217391304345 0.17307692307692307
3 0.11854619565217392 0.4851682692307693 0.1234103260869565 0.2243509615384615
3 0.4197282608695652 0.5182211538461539 0.10982336956521745 0.2143509615384616
3 0.44406249999999997 0.9298798076923076 0.11775815217391299 0.13622596153846145
3 0.4361413043478261 0.310889423076923 0.08604619565217397 0.1762740384615384
3 0.5250271739130435 0.17067307692307693 0.09171195652173914 0.20031249999999995
3 0.2753668478260869 0.5492788461538461 0.10190217391304347 0.15625