3 0.05377717391304348 0.11617788461538461 0.1075679347826087 0.20432692307692307
4 0.16191576086956522 0.7151442307692307 0.10869565217391304 0.17228365384615385
4 0.408179347826087 0.45572115384615386 0.16417119565217392 0.24639423076923078
4 0.5038451086956521 0.13923076923076924 0.12455163043478261 0.1542548076923077
4 0.812391304347826 0.2333653846153846 0.10982336956521739 0.16627403846153846
4 0.9391983695652174 0.3215144230769231 0.12115489130434783 0.23036057692307693
4 0.6436820652173914 0.6800961538461539 0.10529891304347826 0.17427884615384615
4 0.8271059782608695 0.7922596153846153 0.09623641304347826 0.1542548076923077
4 0.6850135869565218 0.8403365384615384 0.12001358695652174 0.12620192307692307
4 0.421195652173913 0.6831009615384616 0.09963315217391304 0.16026442307692307
4 0.2960869565217391 0.8093028846153847 0.08264945652173913 0.12819711538461537
3 0.26834239130434784 0.6490384615384616 0.09510869565217392 0.15625
3 0.6074320652173913 0.9486057692307692 0.10182065217391303 0.1028125