2 0.43081521739130435 0.7401923076923077 0.0871875 0.17026442307692308
2 0.6108423913043478 0.4847836538461538 0.12567934782608695 0.12819711538461537
4 0.3877989130434783 0.6219951923076923 0.07360054347826087 0.11016826923076922
4 0.04698369565217391 0.8022836538461539 0.07133152173913043 0.10216346153846154
3 0.050951086956521736 0.3325240384615385 0.05434782608695652 0.10016826923076924
3 0.030570652173913044 0.7121394230769231 0.06114130434782609 0.08213942307692308
3 0.5876358695652174 0.5969471153846154 0.07925271739130435 0.10016826923076924
3 0.37137228260869565 0.4066586538461538 0.06341032608695653 0.11218750000000001
3 0.5434782608695652 0.3215144230769231 0.07245923913043478 0.08612980769230769
3 0.686141304347826 0.2513942307692308 0.05887228260869565 0.08612980769230769
3 0.5927309782608695 0.15223557692307693 0.050951086956521736 0.08814903846153846
3 0.36627717391304343 0.22336538461538463 0.044157608695652176 0.06209134615384615
3 0.8129483695652174 0.5018028846153846 0.04528532608695652 0.09415865384615385