4 0.7627989130434782 0.5719230769230769 0.09850543478260869 0.11819711538461543
3 0.3563179347826087 0.5258413461538461 0.08039402173913042 0.12620192307692307
3 0.4457608695652174 0.8673798076923076 0.062269021739130494 0.12420673076923067
3 0.5261548913043478 0.6610576923076923 0.078125 0.11218749999999997
3 0.6541032608695652 0.8703846153846153 0.06680706521739124 0.11016826923076933
3 0.6931657608695652 0.7772355769230769 0.06341032608695654 0.09213942307692317
3 0.743546195652174 0.8693990384615385 0.08264945652173904 0.10415865384615394
3 0.6048505434782608 0.11218750000000001 0.06793478260869565 0.10817307692307693
3 0.2940489130434782 0.24740384615384617 0.06001358695652176 0.08612980769230773
3 0.02717391304347826 0.8617788461538461 0.05434782608695652 0.17067307692307693
2 0.7605298913043478 0.9587259615384615 0.13020380434782605 0.08252403846153857
2 0.20913043478260865 0.9497115384615384 0.11209239130434782 0.10055288461538471
2 0.45369565217391306 0.3034855769230769 0.10302989130434788 0.12620192307692307
3 0.6303260869565218 0.2964663461538461 0.055475543478260926 0.09615384615384612
3 0.7203396739130434 0.287451923076923 0.07020380434782611 0.10216346153846151