4 0.33175271739130435 0.6189903846153846 0.09963315217391304 0.18028846153846154
4 0.7580434782608695 0.6380288461538461 0.060013586956521744 0.10617788461538462
4 0.16417119565217392 0.29146634615384615 0.0860461956521739 0.11819711538461539
4 0.13360054347826086 0.46975961538461536 0.07699728260869565 0.13420673076923076
4 0.2796603260869565 0.13822115384615385 0.09283967391304347 0.09213942307692308
4 0.27004076086956524 0.37661057692307687 0.06453804347826086 0.09213942307692308
4 0.08322010869565218 0.36158653846153843 0.10982336956521739 0.12218749999999999
3 0.1896467391304348 0.8924278846153846 0.09398097826086957 0.13822115384615385
3 0.3311820652173913 0.8413461538461539 0.057744565217391304 0.09615384615384616
3 0.26154891304347827 0.7542067307692307 0.05661684782608696 0.13822115384615385
3 0.6793478260869565 0.7702403846153847 0.0702038043478261 0.12218749999999999
3 0.8491847826086957 0.28444711538461537 0.06793478260869565 0.11218750000000001
3 0.703125 0.5659134615384616 0.07699728260869565 0.14223557692307692
3 0.16926630434782608 0.11317307692307692 0.11209239130434782 0.13420673076923076
4 0.4438451086956522 0.8623798076923077 0.09737771739130435 0.12218749999999999
4 0.42289402173913043 0.6740865384615385 0.08264945652173913 0.13822115384615385
4 0.7602989130434783 0.46675480769230765 0.0871875 0.13221153846153846
3 0.564429347826087 0.8523557692307692 0.08491847826086957 0.18629807692307693
4 0.46932065217391306 0.48177884615384614 0.10077445652173914 0.11016826923076922
4 0.5530978260869565 0.6089663461538461 0.0871875 0.10817307692307693
1 0.7823777173913044 0.9264903846153847 0.05661684782608696 0.08213942307692308