3 0.6756114130434783 0.3826201923076923 0.08039402173913046 0.1242067307692308
3 0.8420516304347826 0.7191586538461539 0.10529891304347826 0.1482451923076922
3 0.5425679347826087 0.8363461538461539 0.07245923913043484 0.13021634615384606
3 0.42764945652173914 0.5308413461538461 0.062269021739130494 0.11617788461538457
3 0.32631793478260873 0.4527163461538462 0.0634103260869565 0.11218750000000004
3 0.18478260869565216 0.17127403846153846 0.052078804347826066 0.12620192307692307
3 0.17741847826086962 0.4487259615384615 0.06226902173913041 0.1201923076923077
3 0.13722826086956522 0.678076923076923 0.052078804347826066 0.09415865384615375
4 0.4763315217391304 0.35055288461538464 0.08718749999999995 0.14824519230769234
4 0.631453804347826 0.2283653846153846 0.07585597826086962 0.1242067307692308
4 0.5561548913043478 0.47475961538461536 0.09283967391304353 0.15223557692307688
4 0.8601630434782609 0.15625 0.0871875000000001 0.12819711538461537
4 0.9643342391304348 0.7211538461538461 0.07133152173913043 0.11617788461538471
4 0.8958288043478262 0.8603846153846154 0.07699728260869575 0.10617788461538452
4 0.6144701086956522 0.9054567307692308 0.06906250000000005 0.1482451923076922
4 0.48879076086956524 0.8123076923076924 0.046426630434782554 0.1422355769230768
4 0.4514266304347826 0.6530528846153847 0.04868206521739136 0.1362259615384615
4 0.22101902173913038 0.8363461538461539 0.0452853260869565 0.1141826923076923
4 0.2425271739130435 0.7061298076923077 0.049823369565217414 0.11016826923076933
4 0.18138586956521738 0.7802403846153846 0.04755434782608696 0.12620192307692307
4 0.1994972826086957 0.9507211538461539 0.058872282608695634 0.0985576923076923
3 0.26290760869565216 0.9447115384615384 0.06114130434782609 0.11057692307692307
3 0.435570652173913 0.8223076923076923 0.057744565217391304 0.11819711538461529
2 0.4214266304347826 0.9567307692307693 0.1200135869565218 0.08653846153846154
2 0.7560054347826086 0.18629807692307693 0.11661684782608686 0.10415865384615383
1 0.7526086956521738 0.43168269230769235 0.046426630434782706 0.07012019230769234
2 0.8335597826086957 0.9677403846153846 0.09510869565217392 0.0644951923076924
3 0.08118206521739131 0.47276442307692307 0.06001358695652175 0.1041586538461538