3 0.4574320652173913 0.48177884615384614 0.09283967391304347 0.1622596153846154
3 0.26834239130434784 0.7271634615384616 0.09737771739130435 0.14824519230769231
3 0.37533967391304346 0.9387019230769231 0.08264945652173913 0.12259615384615384
3 0.03793478260869566 0.9376923076923076 0.07585597826086957 0.12459134615384615
3 0.5304619565217391 0.1572596153846154 0.06226902173913043 0.09415865384615385
3 0.11831521739130435 0.2834615384615385 0.05322010869565218 0.08612980769230769
3 0.13869565217391305 0.04007211538461539 0.07585597826086957 0.08012019230769231
2 0.3453396739130435 0.2403846153846154 0.11548913043478261 0.13622596153846153
2 0.7353940217391305 0.31850961538461536 0.09398097826086957 0.14021634615384615
2 0.8769293478260869 0.5028125 0.11661684782608696 0.16826923076923078
4 0.8576766304347826 0.77625 0.11661684782608696 0.16627403846153846
4 0.5536684782608695 0.05007211538461538 0.07472826086956522 0.10016826923076924