3 0.4984103260869565 0.14262019230769227 0.08831521739130435 0.13221153846153846
3 0.6773097826086957 0.025240384615384616 0.08379076086956525 0.05048076923076923
3 0.7746875 0.2928605769230769 0.05434782608695652 0.07211538461538461
3 0.8505434782608695 0.5302403846153847 0.04755434782608696 0.058100961538461574
3 0.24762228260869565 0.04326923076923077 0.0532201086956522 0.08653846153846154
4 0.3693342391304348 0.1085817307692308 0.07925271739130436 0.09615384615384616
4 0.41293478260869565 0.19670673076923073 0.05322010869565212 0.08413461538461539
4 0.874891304347826 0.27584134615384615 0.08039402173913053 0.09415865384615388
4 0.7978940217391305 0.11358173076923077 0.04188858695652164 0.09415865384615386
2 0.7469429347826086 0.12661057692307695 0.046426630434782706 0.23237980769230773
4 0.7010869565217391 0.18168269230769227 0.04755434782608696 0.09415865384615386
2 0.21138586956521746 0.2087259615384615 0.08718750000000001 0.11218750000000002
3 0.5029483695652174 0.24980769230769234 0.06793478260869565 0.07012019230769234
3 0.42312500000000003 0.5602884615384616 0.050951086956521736 0.058100961538461574
3 0.5029483695652174 0.3659855769230769 0.0362364130434782 0.054086538461538464