2 0.6297554347826086 0.8303365384615385 0.11548913043478261 0.13822115384615385
2 0.3823641304347826 0.6430288461538461 0.08039402173913042 0.08413461538461539
2 0.23120923913043473 0.2754326923076923 0.09283967391304346 0.07812499999999997
2 0.03351902173913038 0.21435096153846153 0.06702445652173913 0.09615384615384616
3 0.7333559782608695 0.7061298076923077 0.030570652173913044 0.062091346153846254
4 0.6908967391304348 0.6610576923076923 0.052078804347826066 0.07211538461538461
3 0.8171467391304347 0.9537259615384616 0.06453804347826086 0.09254807692307693
3 0.7718478260869566 0.7662259615384616 0.078125 0.09415865384615375
3 0.7973233695652174 0.6550480769230769 0.08831521739130435 0.0921394230769231
3 0.8805434782608696 0.7111298076923076 0.050951086956521736 0.0761298076923076
3 0.4865217391304348 0.3836057692307693 0.04868206521739136 0.07012019230769234
3 0.626358695652174 0.4076442307692308 0.04755434782608696 0.078125
3 0.6456114130434782 0.6911057692307693 0.0362364130434782 0.0761298076923076