3 0.366508152173913 0.5188221153846154 0.078125 0.12819711538461534
3 0.5176630434782609 0.6750721153846153 0.06566576086956527 0.11617788461538471
3 0.4452038043478261 0.8703846153846153 0.06114130434782609 0.1141826923076923
3 0.6931657608695652 0.8203125 0.1517255434782609 0.18629807692307693
3 0.7197690217391305 0.2954807692307692 0.057744565217391304 0.08612980769230773
3 0.609375 0.11218750000000001 0.05207880434782614 0.08413461538461539
3 0.6286277173913044 0.3075 0.04302989130434777 0.0981490384615385
3 0.2980027173913044 0.2564182692307692 0.0452853260869565 0.07211538461538461
2 0.45369565217391306 0.3094951923076923 0.10982336956521745 0.10617788461538466
2 0.7792119565217391 0.9555288461538461 0.1811548913043478 0.08814903846153836
4 0.7673233695652174 0.5839423076923077 0.09398097826086967 0.12218749999999996
4 0.7894021739130435 0.09314903846153846 0.06341032608695663 0.078125
4 0.27309782608695654 0.16627403846153846 0.058872282608695634 0.09615384615384616