3 0.043138586956521736 0.5288461538461539 0.08627717391304347 0.2283653846153846
3 0.16497282608695646 0.7992788461538461 0.09398097826086958 0.13221153846153846
3 0.47237771739130435 0.07211538461538461 0.04982336956521734 0.06810096153846154
3 0.8341304347826086 0.030048076923076924 0.057744565217391304 0.06009615384615385
3 0.8969701086956521 0.5839423076923077 0.06341032608695663 0.07411057692307689
3 0.9173505434782608 0.23036057692307693 0.05887228260869555 0.08814903846153843
4 0.6807065217391305 0.24439903846153846 0.09510869565217392 0.12819711538461542
2 0.5001086956521739 0.2403846153846154 0.09850543478260869 0.09615384615384616
2 0.38576086956521743 0.7542067307692307 0.08718749999999999 0.2704326923076923
2 0.15194293478260876 0.6260096153846154 0.0905842391304348 0.2143509615384615
2 0.7860054347826086 0.7892548076923076 0.15398097826086946 0.2203605769230768
1 0.6733423913043479 0.4877884615384615 0.03736413043478261 0.058100961538461574