3 0.31137228260869565 0.806298076923077 0.06793478260869565 0.08213942307692308
3 0.21512228260869568 0.767235576923077 0.06114130434782609 0.08814903846153846
3 0.12058423913043478 0.7982692307692307 0.06226902173913043 0.06610576923076923
3 0.12455163043478261 0.7201442307692307 0.05434782608695652 0.078125
3 0.28532608695652173 0.6159855769230769 0.05887228260869565 0.07411057692307692
3 0.0685054347826087 0.5078125 0.041888586956521735 0.078125
3 0.5655570652173914 0.7421875 0.044157608695652176 0.10216346153846154
3 0.711046195652174 0.8233173076923077 0.05887228260869565 0.08814903846153846
3 0.9069293478260869 0.6600480769230769 0.0702038043478261 0.08213942307692308
3 0.8491847826086957 0.7572115384615384 0.07472826086956522 0.12819711538461537
3 0.7495516304347826 0.7191586538461539 0.04076086956521739 0.07211538461538461
3 0.6487771739130435 0.9567307692307693 0.07472826086956522 0.08653846153846154
3 0.36967391304347824 0.6280048076923077 0.041888586956521735 0.09014423076923077
3 0.3204211956521739 0.5568990384615384 0.033967391304347824 0.06411057692307692
3 0.42629076086956524 0.589951923076923 0.05547554347826087 0.08213942307692308
3 0.3764673913043478 0.37759615384615386 0.0486820652173913 0.09814903846153845
4 0.41440217391304346 0.49278846153846156 0.0702038043478261 0.08413461538461539
4 0.5134782608695653 0.5989663461538461 0.07360054347826087 0.08814903846153846
4 0.9442934782608695 0.8964423076923077 0.07472826086956522 0.10216346153846154
2 0.789171195652174 0.9054567307692308 0.15851902173913043 0.1201923076923077