3 0.9568614130434783 0.5288461538461539 0.08627717391304347 0.2283653846153846
3 0.8350271739130435 0.7992788461538461 0.09398097826086957 0.13221153846153846
3 0.5276222826086956 0.07211538461538461 0.04982336956521739 0.06810096153846154
3 0.1658695652173913 0.030048076923076924 0.057744565217391304 0.06009615384615385
3 0.10302989130434782 0.5839423076923077 0.06341032608695653 0.07411057692307692
3 0.08264945652173913 0.23036057692307693 0.05887228260869565 0.08814903846153846
4 0.31929347826086957 0.24439903846153846 0.09510869565217392 0.12819711538461537
2 0.4998913043478261 0.2403846153846154 0.09850543478260869 0.09615384615384616
2 0.6142391304347826 0.7542067307692307 0.0871875 0.2704326923076923
2 0.8480570652173912 0.6260096153846154 0.09058423913043478 0.21435096153846153
2 0.2139945652173913 0.7892548076923076 0.15398097826086957 0.22036057692307692
1 0.32665760869565214 0.4877884615384615 0.03736413043478261 0.058100961538461546