3 0.8867798913043478 0.07853365384615388 0.07925271739130425 0.08814903846153846
3 0.40896739130434784 0.0625 0.0792527173913044 0.1201923076923077
3 0.37839673913043476 0.3008894230769231 0.04982336956521734 0.11218750000000004
3 0.4904891304347826 0.4871875 0.0792527173913044 0.09615384615384616
3 0.6376766304347826 0.3259134615384615 0.05434782608695652 0.06610576923076923
3 0.7027853260869565 0.3479567307692308 0.06226902173913041 0.08612980769230766
3 0.7265625 0.43509615384615385 0.06906249999999999 0.08012019230769227
4 0.9535733695652174 0.1085817307692308 0.06341032608695663 0.12420673076923079
1 0.7571331521739131 0.21375000000000005 0.050951086956521736 0.08612980769230766
3 0.7424184782608695 0.5332451923076923 0.057744565217391304 0.0881490384615385
3 0.6552309782608695 0.3940384615384615 0.03736413043478261 0.078125