2 0.39764945652173916 0.5358653846153846 0.0996331521739131 0.2023317307692308
2 0.20629076086956527 0.6921153846153847 0.09283967391304346 0.19831730769230768
3 0.5844701086956522 0.7832451923076923 0.07020380434782603 0.10016826923076913
3 0.7146739130434783 0.9417067307692307 0.07925271739130432 0.11658653846153846
3 0.2000679347826087 0.8523557692307692 0.0826494565217391 0.13822115384615385
3 0.6433423913043478 0.5268509615384616 0.05434782608695652 0.1041586538461538
3 0.49615489130434787 0.22235576923076922 0.05434782608695652 0.12819711538461534
3 0.553328804347826 0.19831730769230768 0.06906250000000005 0.09615384615384616
3 0.6303260869565218 0.3715865384615385 0.050951086956521736 0.12620192307692307
3 0.061372282608695594 0.43569711538461536 0.043029891304347825 0.09014423076923077
3 0.11514945652173914 0.4887740384615385 0.057744565217391304 0.07211538461538461