4 0.5955570652173913 0.5168269230769231 0.08152173913043478 0.1201923076923077
4 0.9227853260869565 0.7912740384615385 0.12228260869565218 0.18430288461538463
4 0.8910733695652174 0.6280048076923077 0.09963315217391304 0.1502403846153846
4 0.8633423913043478 0.4987980769230769 0.0690625 0.12819711538461537
4 0.5876358695652174 0.6760817307692307 0.07699728260869565 0.13420673076923076
4 0.4353532608695652 0.35257211538461536 0.09398097826086957 0.12420673076923078
4 0.1466304347826087 0.5078125 0.07585597826086957 0.13420673076923076
4 0.4353532608695652 0.7261538461538461 0.08491847826086957 0.13420673076923076
4 0.5893342391304348 0.8363461538461539 0.078125 0.13021634615384617
4 0.8316304347826088 0.9286778846153846 0.09623641304347826 0.1426201923076923
3 0.81125 0.35355769230769235 0.08264945652173913 0.12218749999999999
3 0.6612364130434782 0.37759615384615386 0.08152173913043478 0.13822115384615385
3 0.5785733695652173 0.27745192307692307 0.07699728260869565 0.1582451923076923
3 0.5236684782608696 0.39663461538461536 0.06453804347826086 0.08012019230769231
3 0.4625271739130435 0.48276442307692313 0.0871875 0.13622596153846153
3 0.3861005434782609 0.5528846153846154 0.06793478260869565 0.14423076923076922
3 0.49819293478260873 0.625 0.07245923913043478 0.1201923076923077
3 0.2638179347826087 0.8854086538461539 0.08379076086956522 0.17627403846153847
3 0.2456929347826087 0.2323798076923077 0.07472826086956522 0.17627403846153847
3 0.39402173913043476 0.14824519230769231 0.07245923913043478 0.17627403846153847
3 0.516875 0.08213942307692308 0.11436141304347826 0.1201923076923077
3 0.7835190217391304 0.11819711538461539 0.10190217391304347 0.14021634615384615
2 0.6668885869565218 0.17127403846153846 0.09283967391304347 0.08213942307692308
3 0.7065217391304348 0.6680769230769231 0.06793478260869565 0.13021634615384617
4 0.048125 0.3976442307692307 0.06226902173913043 0.09814903846153845
4 0.18059782608695651 0.385625 0.050951086956521736 0.1141826923076923
4 0.30910326086956524 0.6179807692307692 0.06341032608695653 0.14622596153846154