1 0.6233016304347826 0.4186778846153846 0.09623641304347826 0.16026442307692307
1 0.7025543478260871 0.8193028846153846 0.10077445652173914 0.19230769230769232
2 0.5434782608695652 0.7341826923076924 0.08152173913043478 0.17427884615384615
2 0.20889945652173914 0.6480288461538461 0.06453804347826086 0.1943028846153846
2 0.2858967391304348 0.8613701923076923 0.11888586956521739 0.19230769230769232
2 0.4455434782608696 0.9266826923076923 0.16191576086956522 0.1466346153846154
2 0.6012228260869565 0.21935096153846154 0.09283967391304347 0.1542548076923077
3 0.608016304347826 0.8283173076923076 0.08152173913043478 0.11016826923076922
3 0.2791032608695652 0.46675480769230765 0.08944293478260869 0.11617788461538461
3 0.18455163043478262 0.4757692307692307 0.04982336956521739 0.08213942307692308
2 0.8803260869565217 0.2854567307692308 0.13474184782608695 0.09014423076923077