4 0.5906929347826086 0.4527163461538462 0.14153532608695646 0.2403846153846154
4 0.4859646739130435 0.14824519230769231 0.12455163043478255 0.16026442307692304
4 0.18591032608695657 0.22036057692307692 0.09510869565217392 0.20031250000000003
4 0.05220108695652168 0.3345432692307692 0.10438858695652171 0.23237980769230773
4 0.1638315217391305 0.8052884615384616 0.10077445652173915 0.18829326923076933
4 0.30649456521739127 0.8463461538461539 0.08718749999999999 0.13420673076923087
4 0.35688858695652176 0.6921153846153847 0.08831521739130435 0.1782932692307692
4 0.5855978260869565 0.6810817307692307 0.12228260869565218 0.1762740384615385
4 0.7022146739130435 0.8102884615384615 0.09283967391304346 0.1422355769230768
4 0.8312907608695653 0.7361778846153846 0.12228260869565218 0.17427884615384615
3 0.7141032608695653 0.6350240384615385 0.11888586956521739 0.2083413461538461
3 0.40896739130434784 0.9423076923076923 0.1331521739130435 0.11538461538461539