4 0.2604211956521739 0.8724038461538461 0.12907608695652173 0.19831730769230768
4 0.3289130434782609 0.4497115384615385 0.078125 0.13021634615384617
4 0.12341032608695653 0.6800961538461539 0.08152173913043478 0.13822115384615385
4 0.5457472826086956 0.6870913461538461 0.11096467391304347 0.15223557692307693
4 0.6368885869565217 0.3315384615384615 0.11436141304347826 0.18228365384615383
4 0.7682336956521738 0.9086538461538461 0.10077445652173914 0.18269230769230768
4 0.6068885869565218 0.9096634615384616 0.12907608695652173 0.1806971153846154
4 0.4761141304347826 0.7942788461538461 0.10302989130434782 0.1502403846153846
4 0.7314266304347826 0.6400240384615384 0.09283967391304347 0.17026442307692308
4 0.8695652173913043 0.8253125 0.10642663043478261 0.20834134615384617
4 0.7184103260869565 0.49478365384615386 0.09623641304347826 0.13221153846153846
4 0.563858695652174 0.542860576923077 0.09510869565217392 0.14021634615384615
4 0.5412092391304347 0.3826201923076923 0.09737771739130435 0.16425480769230769
4 0.27796195652173916 0.3395432692307692 0.0690625 0.08213942307692308
4 0.21682065217391305 0.40865384615384615 0.08039402173913043 0.09213942307692308
4 0.4528940217391304 0.5158173076923077 0.07245923913043478 0.1141826923076923
4 0.8299320652173914 0.18829326923076922 0.09737771739130435 0.16425480769230769
4 0.5502717391304348 0.14423076923076922 0.09058423913043478 0.13622596153846153
3 0.6680298913043479 0.7662259615384616 0.10869565217391304 0.13420673076923076
3 0.9494972826086957 0.6179807692307692 0.10099184782608696 0.1943028846153846
3 0.8729619565217391 0.46675480769230765 0.0860461956521739 0.17228365384615385
3 0.929578804347826 0.2614182692307692 0.06793478260869565 0.17427884615384615
4 0.10247282608695653 0.5058173076923077 0.09850543478260869 0.17026442307692308
4 0.36967391304347824 0.3485576923076923 0.06680706521739131 0.09615384615384616
4 0.3951494565217391 0.47475961538461536 0.05887228260869565 0.13622596153846153
3 0.28080163043478257 0.22235576923076922 0.11548913043478261 0.12819711538461537
3 0.6476494565217391 0.17326923076923076 0.0860461956521739 0.12620192307692307