3 0.6459510869565218 0.9597355769230769 0.06680706521739131 0.08052884615384616
3 0.06341032608695653 0.5018028846153846 0.05887228260869565 0.06610576923076923
3 0.01980978260869565 0.6410336538461539 0.03963315217391305 0.06810096153846154
3 0.21456521739130432 0.7722355769230769 0.06226902173913043 0.08612980769230769
3 0.3102309782608696 0.8082932692307693 0.05887228260869565 0.07012019230769231
3 0.11605978260869565 0.7642307692307693 0.07133152173913043 0.1582451923076923
3 0.2791032608695652 0.6129807692307693 0.044157608695652176 0.06009615384615385
3 0.8995652173913044 0.6610576923076923 0.07133152173913043 0.09213942307692308
3 0.851453804347826 0.7612259615384616 0.07925271739130435 0.13221153846153846
3 0.7484103260869566 0.7131490384615385 0.036236413043478265 0.09213942307692308
3 0.7116168478260869 0.8223076923076923 0.057744565217391304 0.09014423076923077
3 0.5695244565217391 0.7451923076923077 0.05661684782608696 0.08012019230769231
3 0.43025815217391306 0.5969471153846154 0.043029891304347825 0.06009615384615385
3 0.3736413043478261 0.63 0.036236413043478265 0.058100961538461546
3 0.3249592391304348 0.5618990384615384 0.03849184782608695 0.05007211538461538
4 0.5123369565217392 0.6039663461538461 0.0690625 0.07411057692307692
4 0.41610054347826086 0.4968028846153846 0.07360054347826087 0.06009615384615385