3 0.11322010869565217 0.9214663461538461 0.07925271739130435 0.08814903846153846
3 0.5910326086956522 0.9375 0.07925271739130435 0.1201923076923077
3 0.6216032608695652 0.6991105769230769 0.04982336956521739 0.11218750000000001
3 0.5095108695652174 0.5128125 0.07925271739130435 0.09615384615384616
3 0.36232336956521743 0.6740865384615385 0.05434782608695652 0.06610576923076923
3 0.29721467391304346 0.6520432692307693 0.06226902173913043 0.08612980769230769
3 0.2734375 0.5649038461538461 0.0690625 0.08012019230769231
4 0.04642663043478261 0.8914182692307692 0.06341032608695653 0.12420673076923078
1 0.24286684782608695 0.78625 0.050951086956521736 0.08612980769230769
3 0.25758152173913046 0.46675480769230765 0.057744565217391304 0.08814903846153846
3 0.34476902173913043 0.6059615384615384 0.03736413043478261 0.078125