3 0.6334918478260869 0.4811778846153846 0.078125 0.12819711538461534
3 0.48233695652173914 0.32492788461538463 0.06566576086956527 0.11617788461538457
3 0.5547961956521739 0.12961538461538466 0.06114130434782609 0.1141826923076923
3 0.3068342391304348 0.1796875 0.1517255434782609 0.18629807692307693
3 0.28023097826086957 0.7045192307692307 0.057744565217391304 0.0861298076923078
3 0.390625 0.8878125 0.05207880434782614 0.08413461538461539
3 0.37137228260869565 0.6925 0.04302989130434777 0.09814903846153857
3 0.7019972826086956 0.7435817307692307 0.0452853260869565 0.07211538461538461
2 0.546304347826087 0.6905048076923077 0.10982336956521745 0.10617788461538452
2 0.22078804347826086 0.04447115384615385 0.1811548913043479 0.08814903846153846
4 0.23267663043478262 0.41605769230769235 0.09398097826086958 0.12218749999999996
4 0.2105978260869565 0.9068509615384616 0.06341032608695654 0.078125
4 0.7269021739130435 0.8337259615384615 0.05887228260869555 0.09615384615384616