3 0.5618206521739131 0.2878605769230769 0.10190217391304347 0.18629807692307693
3 0.7191983695652174 0.6935096153846154 0.08604619565217389 0.1121874999999999
3 0.6999592391304347 0.8167067307692307 0.07020380434782611 0.10216346153846154
4 0.19214673913043473 0.27483173076923073 0.11661684782608693 0.16826923076923078
4 0.4095380434782609 0.5122115384615384 0.08718749999999995 0.12218749999999996
4 0.05004076086956527 0.44711538461538464 0.06793478260869565 0.0881490384615385
4 0.13156250000000005 0.8958413461538461 0.0905842391304348 0.13221153846153846
4 0.1564809782608695 0.7626201923076923 0.06341032608695654 0.09014423076923077
4 0.7939266304347826 0.7856490384615384 0.09058423913043488 0.10817307692307693
4 0.5952173913043478 0.760625 0.078125 0.09014423076923077
4 0.21467391304347827 0.9495192307692307 0.07065217391304347 0.10096153846153846