3 0.6046195652173914 0.1796875 0.07472826086956522 0.11016826923076921
3 0.2825 0.5212259615384616 0.078125 0.10016826923076927
3 0.18285326086956524 0.5222355769230769 0.06001358695652176 0.08213942307692311
2 0.21286684782608695 0.349951923076923 0.06793478260869565 0.1662740384615385
2 0.27004076086956524 0.14562499999999995 0.11209239130434782 0.15824519230769227
2 0.44610054347826084 0.0733173076923077 0.17436141304347832 0.1466346153846154
2 0.6136820652173913 0.8237259615384616 0.09283967391304353 0.09615384615384616
2 0.8706929347826088 0.701514423076923 0.1358695652173913 0.07211538461538461
4 0.7863451086956522 0.829735576923077 0.050951086956521736 0.0801201923076924
1 0.6136820652173913 0.5813221153846155 0.09283967391304353 0.15625000000000006
1 0.7852173913043478 0.14463942307692312 0.07360054347826096 0.12819711538461537