3 0.5425679347826087 0.5182211538461539 0.09283967391304353 0.1622596153846154
3 0.7316576086956522 0.27283653846153844 0.09737771739130437 0.14824519230769234
3 0.6246603260869565 0.06129807692307692 0.08264945652173919 0.12259615384615384
3 0.9620652173913044 0.06230769230769235 0.07585597826086947 0.12459134615384615
3 0.46953804347826084 0.8427403846153846 0.062269021739130494 0.09415865384615375
3 0.8816847826086956 0.7165384615384615 0.053220108695652274 0.0861298076923078
3 0.8613043478260869 0.9599278846153846 0.07585597826086947 0.0801201923076924
2 0.6546603260869566 0.7596153846153846 0.11548913043478261 0.13622596153846145
2 0.26460597826086957 0.6814903846153846 0.09398097826086958 0.14021634615384618
2 0.1230706521739131 0.4971875 0.11661684782608693 0.16826923076923078
4 0.14232336956521738 0.22374999999999995 0.11661684782608693 0.1662740384615385
4 0.44633152173913043 0.9495192307692307 0.07472826086956522 0.10096153846153846