3 0.5876358695652174 0.15764423076923073 0.045285326086956575 0.1141826923076923
3 0.13790760869565216 0.056490384615384616 0.07744565217391304 0.11298076923076923
3 0.0690625 0.2738461538461539 0.0837907608695652 0.09814903846153843
3 0.31986413043478257 0.22276442307692312 0.0532201086956522 0.09213942307692304
3 0.13983695652173914 0.30788461538461537 0.057744565217391304 0.1101682692307692
3 0.22078804347826086 0.6384134615384617 0.03849184782608694 0.07411057692307696
3 0.20947010869565216 0.3790144230769231 0.0452853260869565 0.05209134615384619
3 0.5281929347826086 0.30487980769230766 0.046426630434782554 0.07612980769230773
3 0.798233695652174 0.03245192307692308 0.04755434782608696 0.06490384615384616
3 0.35043478260869565 0.5082211538461539 0.041888586956521756 0.078125
3 0.024904891304347823 0.8217067307692307 0.04076086956521739 0.0801201923076924