3 0.5876358695652174 0.8423557692307693 0.04528532608695652 0.1141826923076923
3 0.13813858695652173 0.9427163461538461 0.07699728260869565 0.11459134615384615
3 0.0690625 0.7261538461538461 0.08379076086956522 0.09814903846153845
3 0.31986413043478257 0.7772355769230769 0.05322010869565218 0.09213942307692308
3 0.13983695652173914 0.6921153846153847 0.057744565217391304 0.11016826923076922
3 0.22078804347826086 0.36158653846153843 0.03849184782608695 0.07411057692307692
3 0.20947010869565216 0.6209855769230769 0.04528532608695652 0.052091346153846155
3 0.5281929347826086 0.6951201923076924 0.04642663043478261 0.07612980769230769
3 0.7988043478260869 0.9667548076923077 0.0486820652173913 0.06651442307692308
3 0.35043478260869565 0.4917788461538462 0.041888586956521735 0.078125
3 0.024904891304347823 0.17829326923076924 0.04076086956521739 0.08012019230769231