4 0.3098913043478261 0.14824519230769231 0.13474184782608695 0.19230769230769232
4 0.444633152173913 0.22637019230769231 0.12341032608695658 0.1762740384615385
4 0.5595516304347826 0.08312499999999999 0.0996331521739131 0.12218749999999999
4 0.04891304347826087 0.20192307692307693 0.09782608695652174 0.17307692307692307
3 0.11288043478260876 0.5028125 0.1279483695652174 0.25641826923076927
3 0.4157608695652174 0.4607451923076923 0.0996331521739131 0.18430288461538466
3 0.43671195652173916 0.06711538461538462 0.12341032608695658 0.12620192307692307
3 0.4265217391304348 0.6800961538461539 0.10529891304347826 0.22235576923076922
3 0.5301222826086956 0.8112980769230769 0.11322010869565223 0.22435096153846162
3 0.29120923913043484 0.8936298076923077 0.10869565217391304 0.2127403846153846
3 0.051630434782608696 0.7752403846153846 0.10326086956521739 0.2724278846153847