3 0.11775815217391304 0.4096634615384615 0.04755434782608696 0.09814903846153845
3 0.31589673913043476 0.5558894230769231 0.06341032608695653 0.08612980769230769
3 0.25023097826086954 0.5929567307692307 0.06793478260869565 0.09615384615384616
2 0.499320652173913 0.7962740384615384 0.05661684782608696 0.17829326923076924
3 0.5287635869565218 0.8603846153846154 0.04982336956521739 0.09814903846153845
3 0.2717391304347826 0.6951201923076924 0.05661684782608696 0.08012019230769231
3 0.9001358695652174 0.9254807692307693 0.06566576086956522 0.10415865384615385
3 0.9805298913043478 0.7882692307692308 0.03169836956521739 0.08612980769230769
2 0.06283967391304347 0.78125 0.12567934782608695 0.1201923076923077
2 0.31759510869565216 0.24740384615384617 0.06453804347826086 0.06209134615384615
3 0.06736413043478261 0.17026442307692308 0.050951086956521736 0.08012019230769231
3 0.6148097826086957 0.5548798076923077 0.03849184782608695 0.07612980769230769