4 0.6742527173913043 0.9094471153846153 0.0690625 0.09213942307692308
4 0.33797554347826086 0.6921153846153847 0.04642663043478261 0.06610576923076923
2 0.7002989130434782 0.41665865384615386 0.078125 0.06009615384615385
2 0.7478532608695652 0.37560096153846156 0.041888586956521735 0.1141826923076923
2 0.7563451086956521 0.3034855769230769 0.07925271739130435 0.058100961538461546
3 0.9710190217391304 0.6189903846153846 0.05797554347826087 0.10817307692307693
3 0.1992798913043478 0.9527163461538461 0.09058423913043478 0.09454326923076922
3 0.5078125 0.6360096153846153 0.06226902173913043 0.09814903846153845
3 0.369116847826087 0.6119711538461539 0.05434782608695652 0.07012019230769231
3 0.264945652173913 0.4607451923076923 0.05661684782608696 0.06810096153846154
3 0.546304347826087 0.4206730769230769 0.04642663043478261 0.09213942307692308
3 0.3215625 0.4126682692307692 0.04528532608695652 0.10016826923076924
3 0.9624048913043479 0.5128125 0.05207880434782609 0.07211538461538461
3 0.5236684782608696 0.3205048076923077 0.04642663043478261 0.056081730769230766
3 0.44949728260869565 0.3635817307692308 0.04528532608695652 0.06209134615384615
3 0.11039402173913043 0.5238461538461539 0.044157608695652176 0.05007211538461538
3 0.22815217391304346 0.6660576923076923 0.03283967391304348 0.06209134615384615