4 0.4093070652173913 0.4527163461538462 0.14153532608695651 0.2403846153846154
4 0.5140353260869565 0.14824519230769231 0.12455163043478261 0.16026442307692307
4 0.8140896739130434 0.22036057692307692 0.09510869565217392 0.2003125
4 0.9477989130434783 0.3345432692307692 0.10438858695652174 0.2323798076923077
4 0.8361684782608695 0.8052884615384616 0.10077445652173914 0.18829326923076922
4 0.6935054347826087 0.8463461538461539 0.0871875 0.13420673076923076
4 0.6431114130434782 0.6921153846153847 0.08831521739130435 0.17829326923076924
4 0.41440217391304346 0.6810817307692307 0.12228260869565218 0.17627403846153847
4 0.2977853260869565 0.8102884615384615 0.09283967391304347 0.14223557692307692
4 0.16870923913043478 0.7361778846153846 0.12228260869565218 0.17427884615384615
3 0.2858967391304348 0.6350240384615385 0.11888586956521739 0.20834134615384617
3 0.5899048913043479 0.9427163461538461 0.13360054347826086 0.11459134615384615