3 0.8867798913043478 0.9214663461538461 0.07925271739130425 0.08814903846153836
3 0.40896739130434784 0.9375 0.0792527173913044 0.1201923076923077
3 0.37839673913043476 0.6991105769230769 0.04982336956521734 0.1121874999999999
3 0.4904891304347826 0.5128125 0.0792527173913044 0.09615384615384616
3 0.6376766304347826 0.6740865384615385 0.05434782608695652 0.06610576923076923
3 0.7027853260869565 0.6520432692307693 0.06226902173913041 0.08612980769230773
3 0.7265625 0.5649038461538461 0.06906249999999999 0.08012019230769227
4 0.9535733695652174 0.8914182692307692 0.06341032608695663 0.12420673076923067
1 0.7571331521739131 0.78625 0.050951086956521736 0.0861298076923078
3 0.7424184782608695 0.46675480769230765 0.057744565217391304 0.0881490384615385
3 0.6552309782608695 0.6059615384615386 0.03736413043478261 0.07812500000000007