3 0.7988043478260869 0.864375 0.08264945652173913 0.12620192307692307
3 0.2858967391304348 0.9417067307692307 0.0871875 0.11658653846153846
3 0.4166711956521739 0.7732451923076924 0.06341032608695653 0.10415865384615385
3 0.3589266304347826 0.5158173076923077 0.06793478260869565 0.09014423076923077
3 0.4964945652173913 0.23838942307692307 0.05547554347826087 0.12420673076923078
3 0.3458967391304348 0.3595673076923077 0.11436141304347826 0.1622596153846154
3 0.44044836956521743 0.20733173076923078 0.05434782608695652 0.09814903846153845
3 0.664633152173913 0.5268509615384616 0.04528532608695652 0.06009615384615385
3 0.9403260869565218 0.45372596153846156 0.03736413043478261 0.09814903846153845
3 0.8899456521739131 0.4847836538461538 0.06114130434782609 0.08012019230769231
3 0.6923641304347826 0.29747596153846156 0.05322010869565218 0.078125
2 0.7874728260869566 0.6971153846153846 0.10529891304347826 0.18430288461538463
2 0.5944293478260869 0.5278365384615384 0.10417119565217392 0.16627403846153846
1 0.2791032608695652 0.6650721153846154 0.06226902173913043 0.10016826923076924
1 0.24456521739130435 0.8413461538461539 0.07472826086956522 0.08814903846153846
1 0.2955163043478261 0.5188221153846154 0.07472826086956522 0.10016826923076924