3 0.5015896739130435 0.8573798076923077 0.08831521739130435 0.13221153846153846
3 0.3226902173913043 0.9747596153846154 0.08379076086956522 0.05048076923076923
3 0.22531250000000003 0.7071394230769231 0.05434782608695652 0.07211538461538461
3 0.14945652173913043 0.46975961538461536 0.04755434782608696 0.058100961538461546
3 0.7523777173913043 0.9567307692307693 0.05322010869565218 0.08653846153846154
4 0.6306657608695653 0.8914182692307692 0.07925271739130435 0.09615384615384616
4 0.5870652173913044 0.8032932692307693 0.05322010869565218 0.08413461538461539
4 0.12510869565217392 0.7241586538461539 0.08039402173913043 0.09415865384615385
4 0.20210597826086957 0.8864182692307693 0.041888586956521735 0.09415865384615385
2 0.2530570652173913 0.873389423076923 0.04642663043478261 0.2323798076923077
4 0.29891304347826086 0.8183173076923077 0.04755434782608696 0.09415865384615385
2 0.7886141304347826 0.7912740384615385 0.0871875 0.11218750000000001
3 0.49705163043478257 0.7501923076923076 0.06793478260869565 0.07012019230769231
3 0.576875 0.43971153846153843 0.050951086956521736 0.058100961538461546
3 0.49705163043478257 0.6340144230769231 0.036236413043478265 0.054086538461538464