3 0.9456521739130435 0.1141826923076923 0.10869565217391304 0.20432692307692307
4 0.8380842391304348 0.7151442307692307 0.10869565217391304 0.17228365384615374
4 0.591820652173913 0.45572115384615386 0.16417119565217397 0.24639423076923078
4 0.49615489130434787 0.13923076923076924 0.12455163043478255 0.15425480769230765
4 0.18760869565217397 0.2333653846153846 0.10982336956521736 0.16627403846153843
4 0.06080163043478261 0.3215144230769231 0.12115489130434785 0.23036057692307688
4 0.3563179347826087 0.6800961538461539 0.10529891304347826 0.17427884615384615
4 0.17289402173913043 0.7922596153846153 0.09623641304347824 0.1542548076923076
4 0.31498641304347824 0.8403365384615384 0.12001358695652176 0.12620192307692307
4 0.5788043478260869 0.6831009615384616 0.0996331521739131 0.16026442307692304
4 0.7039130434782609 0.8093028846153847 0.0826494565217391 0.12819711538461548
3 0.7316576086956522 0.6490384615384616 0.09510869565217392 0.15625
3 0.3919836956521739 0.9483173076923077 0.10190217391304347 0.10336538461538461