3 0.438179347826087 0.7121394230769231 0.10190217391304347 0.18629807692307693
3 0.28080163043478257 0.30649038461538464 0.0860461956521739 0.11218750000000001
3 0.3000407608695652 0.18329326923076922 0.0702038043478261 0.10216346153846154
4 0.8078532608695653 0.7251682692307693 0.11661684782608696 0.16826923076923078
4 0.5904619565217392 0.4877884615384615 0.0871875 0.12218749999999999
4 0.9499592391304347 0.5528846153846154 0.06793478260869565 0.08814903846153846
4 0.8684375 0.10415865384615385 0.09058423913043478 0.13221153846153846
4 0.8435190217391305 0.23737980769230768 0.06341032608695653 0.09014423076923077
4 0.20607336956521738 0.21435096153846153 0.09058423913043478 0.10817307692307693
4 0.4047826086956522 0.239375 0.078125 0.09014423076923077
4 0.7846467391304348 0.05007211538461538 0.0702038043478261 0.10016826923076924