3 0.81125 0.4767548076923077 0.08039402173913043 0.1201923076923077
1 0.6555706521739131 0.6330048076923076 0.1268070652173913 0.17627403846153847
3 0.685570652173913 0.49278846153846156 0.05322010869565218 0.08012019230769231
3 0.44044836956521743 0.8162980769230769 0.07245923913043478 0.11819711538461539
3 0.22927989130434784 0.912451923076923 0.07133152173913043 0.10617788461538462
2 0.1800271739130435 0.6971153846153846 0.12455163043478261 0.13622596153846153
3 0.15625 0.6049759615384616 0.04755434782608696 0.06810096153846154
3 0.19078804347826087 0.3625721153846154 0.04642663043478261 0.07612980769230769
3 0.9578804347826086 0.1542548076923077 0.05434782608695652 0.056081730769230766
4 0.5570652173913043 0.5258413461538461 0.08152173913043478 0.09415865384615385
4 0.09114130434782608 0.8553605769230769 0.09171195652173914 0.12819711538461537
2 0.4194972826086957 0.6961057692307692 0.09398097826086957 0.12218749999999999