4 0.31702445652173916 0.18528846153846154 0.06114130434782609 0.09415865384615385
4 0.14266304347826086 0.78125 0.12228260869565218 0.21634615384615385
4 0.7903125 0.8693990384615385 0.11096467391304347 0.2403846153846154
2 0.5038451086956521 0.7411778846153846 0.11322010869565217 0.24439903846153846
2 0.18115489130434784 0.056081730769230766 0.07472826086956522 0.08012019230769231
3 0.04472826086956522 0.21735576923076924 0.08491847826086957 0.12218749999999999
3 0.38949728260869565 0.3205048076923077 0.0860461956521739 0.10817307692307693
3 0.48063858695652173 0.2684375 0.0690625 0.10016826923076924
3 0.8701358695652174 0.7592067307692307 0.057744565217391304 0.14423076923076922
4 0.6889673913043478 0.9507211538461539 0.0871875 0.0985576923076923
2 0.2530570652173913 0.1893028846153846 0.0486820652173913 0.1141826923076923