2 0.5238858695652173 0.5953605769230769 0.08944293478260876 0.1242067307692308
2 0.6693885869565217 0.5753125 0.14493206521739133 0.1041586538461538
2 0.5895652173913044 0.0773317307692308 0.12341032608695658 0.15463942307692305
2 0.4859646739130435 0.360985576923077 0.06566576086956527 0.1882932692307692
3 0.08797554347826086 0.3359375 0.10077445652173915 0.17026442307692305
3 0.24479619565217386 0.4421153846153846 0.049823369565217414 0.08612980769230766
3 0.30027173913043476 0.37999999999999995 0.0656657608695652 0.1101682692307692
3 0.38576086956521743 0.4140625 0.09623641304347828 0.17427884615384615
2 0.20176630434782608 0.5462740384615384 0.0656657608695652 0.1502403846153846
2 0.23970108695652168 0.9459134615384616 0.09171195652173914 0.0801201923076924
3 0.18648097826086957 0.8087019230769231 0.06906249999999999 0.078125
3 0.050611413043478264 0.7836538461538461 0.060013586956521744 0.1121874999999999
3 0.11854619565217392 0.9549278846153846 0.06001358695652176 0.08213942307692298
3 0.0409918478260869 0.8918269230769231 0.04755434782608696 0.08814903846153836