4 0.7789809782608696 0.566298076923077 0.12907608695652173 0.19430288461538459
4 0.9494972826086957 0.4811778846153846 0.10099184782608686 0.20432692307692307
4 0.47951086956521743 0.4441105769230769 0.10077445652173908 0.15425480769230773
4 0.390625 0.3629807692307692 0.10190217391304347 0.16425480769230766
4 0.304008152173913 0.321923076923077 0.09171195652173914 0.1502403846153846
4 0.09850543478260869 0.6584615384615383 0.19021739130434784 0.23036057692307696
4 0.1704076086956522 0.2878605769230769 0.10529891304347828 0.13420673076923073
2 0.4421467391304348 0.9459134615384616 0.18908967391304343 0.10817307692307693
3 0.051521739130434785 0.9128605769230769 0.10302989130434784 0.17427884615384615
3 0.04076086956521739 0.20372596153846154 0.08152173913043478 0.234375
3 0.4436141304347826 0.07211538461538461 0.09375 0.14423076923076922
3 0.6533016304347825 0.31790865384615385 0.08831521739130427 0.17026442307692305
3 0.5712228260869565 0.5102163461538461 0.09398097826086951 0.1662740384615385
3 0.6108423913043478 0.8197115384615384 0.12567934782608695 0.20432692307692307
3 0.7597418478260869 0.7385817307692307 0.07925271739130425 0.13021634615384606
4 0.9442934782608695 0.11858173076923073 0.10190217391304347 0.23237980769230773
2 0.24908967391304349 0.5933413461538463 0.14718749999999997 0.2283653846153847