4 0.5459646739130435 0.5368509615384616 0.07245923913043484 0.09615384615384616
4 0.7514673913043479 0.7962740384615384 0.1075679347826088 0.1422355769230768
4 0.5165353260869565 0.30649038461538464 0.09058423913043473 0.09615384615384616
4 0.4842663043478261 0.4186778846153846 0.06680706521739124 0.09615384615384616
4 0.10552989130434777 0.36959134615384615 0.0656657608695652 0.07012019230769234
4 0.10495923913043478 0.5068028846153847 0.053220108695652184 0.1201923076923077
4 0.05004076086956527 0.4657451923076923 0.05434782608695652 0.09814903846153843
4 0.027961956521739186 0.36158653846153843 0.05547554347826087 0.078125
3 0.40896739130434784 0.08814903846153846 0.05434782608695652 0.07612980769230769
3 0.5510597826086956 0.4497115384615385 0.050951086956521736 0.09415865384615388
3 0.4282201086956522 0.5909375 0.06341032608695647 0.12819711538461534
3 0.3919836956521739 0.3675961538461538 0.09737771739130432 0.13822115384615385
3 0.14572010869565216 0.2984855769230769 0.06453804347826086 0.07612980769230766
3 0.1785597826086956 0.5228365384615384 0.08039402173913046 0.10016826923076927
3 0.25328804347826084 0.41165865384615385 0.09623641304347824 0.12620192307692307
3 0.33820652173913046 0.2594230769230769 0.050951086956521736 0.07012019230769227
3 0.34500000000000003 0.5198317307692307 0.060013586956521724 0.10216346153846154
2 0.3863179347826087 0.5719230769230769 0.045285326086956575 0.12620192307692302