4 0.24116847826086957 0.4968028846153846 0.12455163043478261 0.14824519230769231
4 0.06283967391304347 0.09014423076923077 0.12567934782608695 0.15223557692307693
4 0.06171195652173913 0.2834615384615385 0.12341032608695653 0.17427884615384615
4 0.41779891304347827 0.6590625 0.0702038043478261 0.10415865384615385
4 0.45968749999999997 0.3094951923076923 0.06566576086956522 0.13420673076923076
4 0.7829483695652174 0.18329326923076922 0.07133152173913043 0.10216346153846154
3 0.6640625 0.6099759615384616 0.11436141304347826 0.13822115384615385
3 0.6046195652173914 0.5078125 0.0702038043478261 0.1141826923076923
3 0.5123369565217392 0.5398557692307693 0.0871875 0.13021634615384617
3 0.09963315217391304 0.8183173076923077 0.13360054347826086 0.14622596153846154
3 0.13699728260869565 0.4026442307692308 0.09283967391304347 0.12420673076923078
3 0.5106385869565218 0.09915865384615384 0.07245923913043478 0.11819711538461539
4 0.6199048913043478 0.15925480769230768 0.06453804347826086 0.09014423076923077
1 0.8237092391304348 0.38661057692307693 0.04642663043478261 0.07612980769230769
1 0.8820244565217391 0.39463942307692307 0.036236413043478265 0.08413461538461539