4 0.7588315217391305 0.4968028846153846 0.1245516304347827 0.14824519230769234
4 0.9371603260869565 0.09014423076923077 0.12567934782608695 0.1522355769230769
4 0.9382880434782609 0.2834615384615385 0.12341032608695643 0.1742788461538462
4 0.5822010869565217 0.6590625 0.07020380434782603 0.10415865384615387
4 0.5403125 0.3094951923076923 0.06566576086956527 0.13420673076923073
4 0.21705163043478262 0.18329326923076922 0.07133152173913043 0.10216346153846154
3 0.3359375 0.6099759615384616 0.11436141304347824 0.13822115384615385
3 0.3953804347826087 0.5078125 0.07020380434782603 0.1141826923076923
3 0.4876630434782609 0.5398557692307693 0.08718749999999995 0.1302163461538462
3 0.9003668478260869 0.8183173076923077 0.13360054347826078 0.14622596153846162
3 0.8630027173913043 0.4026442307692308 0.09283967391304337 0.1242067307692308
3 0.4893614130434783 0.09915865384615384 0.07245923913043484 0.1181971153846154
4 0.38009510869565216 0.15925480769230768 0.06453804347826086 0.09014423076923077
1 0.17629076086956522 0.38661057692307693 0.04642663043478263 0.07612980769230773
1 0.11797554347826092 0.39463942307692307 0.036236413043478286 0.08413461538461539