4 0.3962907608695652 0.38461538461538464 0.07699728260869565 0.14423076923076922
4 0.2825 0.8854086538461539 0.07360054347826087 0.13622596153846153
3 0.6850135869565218 0.8223076923076923 0.10642663043478261 0.13420673076923076
3 0.5010190217391305 0.36557692307692313 0.0871875 0.12620192307692307
3 0.6685869565217392 0.20632211538461537 0.05322010869565218 0.08413461538461539
3 0.390625 0.12218749999999999 0.06114130434782609 0.11617788461538461
3 0.3164673913043478 0.10415865384615385 0.06680706521739131 0.15625
3 0.10190217391304347 0.17728365384615385 0.08152173913043478 0.1582451923076923
3 0.5134782608695653 0.6350240384615385 0.09623641304347826 0.11617788461538461
2 0.47554347826086957 0.7982692307692307 0.13134510869565216 0.09415865384615385
3 0.5791440217391305 0.7501923076923076 0.0690625 0.1141826923076923
3 0.5423505434782608 0.8944230769230769 0.06793478260869565 0.11819711538461539
2 0.8650407608695652 0.5578846153846154 0.13813858695652173 0.18629807692307693
3 0.7257744565217391 0.17627403846153847 0.05207880434782609 0.08012019230769231
3 0.7065217391304348 0.2904567307692308 0.06566576086956522 0.08814903846153846