4 0.27796195652173916 0.4220673076923077 0.10302989130434781 0.1302163461538462
4 0.7506793478260869 0.2618269230769231 0.08831521739130435 0.17026442307692305
2 0.5995244565217391 0.11959134615384616 0.18455163043478268 0.1502403846153846
4 0.6640625 0.2127403846153846 0.08039402173913046 0.09213942307692304
2 0.516875 0.38802884615384614 0.08491847826086957 0.19831730769230768
2 0.1285054347826087 0.6003605769230769 0.13474184782608695 0.1702644230769231
2 0.12171195652173913 0.1897115384615385 0.1302038043478261 0.25439903846153844
2 0.1330434782608696 0.9248798076923077 0.1392663043478261 0.09415865384615375
4 0.40138586956521743 0.7986778846153846 0.08039402173913038 0.12620192307692307
3 0.20323369565217392 0.751610576923077 0.06226902173913041 0.08413461538461539
3 0.5202717391304348 0.6905048076923077 0.06001358695652168 0.09415865384615375
3 0.4528940217391304 0.6464423076923076 0.06341032608695647 0.11819711538461536
3 0.8265353260869566 0.28985576923076917 0.06341032608695663 0.1141826923076923