2 0.48256793478260873 0.6159855769230769 0.07020380434782603 0.16627403846153843
2 0.3953804347826087 0.873389423076923 0.15625 0.1201923076923077
2 0.8777173913043478 0.8263221153846154 0.11775815217391314 0.25040865384615374
2 0.8794157608695652 0.3936298076923077 0.15737771739130424 0.17026442307692305
2 0.8528125 0.06009615384615385 0.1245516304347827 0.1201923076923077
4 0.7208967391304348 0.5789182692307693 0.09398097826086958 0.12819711538461534
4 0.25101902173913043 0.7321634615384615 0.08718750000000001 0.14622596153846162
3 0.5431385869565217 0.33853365384615386 0.05322010869565212 0.0881490384615385
3 0.7995923913043478 0.24439903846153846 0.06793478260869565 0.06810096153846157
3 0.4859646739130435 0.30750000000000005 0.05434782608695652 0.09014423076923081
3 0.4066983695652174 0.3205048076923077 0.04755434782608696 0.07612980769230773
3 0.10552989130434777 0.8924278846153846 0.05887228260869564 0.09014423076923077