4 0.31702445652173916 0.8147115384615385 0.06114130434782609 0.09415865384615375
4 0.14266304347826086 0.21875 0.12228260869565218 0.21634615384615385
4 0.7903125 0.1306009615384615 0.11096467391304357 0.2403846153846154
2 0.5038451086956521 0.2588221153846154 0.11322010869565223 0.2443990384615385
2 0.18115489130434784 0.9439182692307693 0.07472826086956522 0.0801201923076924
3 0.04472826086956522 0.7826442307692307 0.08491847826086957 0.1221875000000001
3 0.38949728260869565 0.6794951923076922 0.08604619565217393 0.10817307692307693
3 0.48063858695652173 0.7315625 0.06906250000000005 0.10016826923076913
3 0.8701358695652174 0.24079326923076927 0.057744565217391304 0.14423076923076922
4 0.6889673913043478 0.04927884615384615 0.08718749999999995 0.0985576923076923
2 0.2530570652173913 0.8106971153846154 0.04868206521739128 0.1141826923076923