3 0.5140353260869565 0.09014423076923077 0.08831521739130435 0.12819711538461537
3 0.6516032608695652 0.6159855769230769 0.08039402173913043 0.13420673076923076
3 0.5978260869565217 0.511826923076923 0.07699728260869565 0.13420673076923076
3 0.5095108695652174 0.5448798076923077 0.07245923913043478 0.13622596153846153
3 0.13869565217391305 0.395625 0.0871875 0.11819711538461539
3 0.11605978260869565 0.8353365384615384 0.11436141304347826 0.15625
4 0.2530570652173913 0.4957932692307692 0.13020380434782608 0.19831730769230768
4 0.06793478260869565 0.3004807692307692 0.1358695652173913 0.16425480769230769
4 0.0690625 0.10317307692307692 0.13813858695652173 0.17427884615384615
4 0.45913043478260873 0.3054807692307692 0.0690625 0.1141826923076923
4 0.7886141304347826 0.18228365384615383 0.0690625 0.11218750000000001
4 0.6221739130434782 0.16526442307692307 0.06453804347826086 0.09014423076923077