4 0.36797554347826084 0.10516826923076923 0.07699728260869565 0.09415865384615385
4 0.3498641304347826 0.2714423076923077 0.06793478260869565 0.13822115384615385
4 0.4438451086956522 0.38961538461538464 0.06793478260869565 0.1622596153846154
4 0.33570652173913046 0.7321634615384615 0.0871875 0.14622596153846154
4 0.38100543478260873 0.8964423076923077 0.10529891304347826 0.17026442307692308
4 0.49819293478260873 0.41665865384615386 0.05661684782608696 0.10817307692307693
2 0.5078125 0.30149038461538463 0.078125 0.11819711538461539
4 0.4964945652173913 0.21233173076923076 0.05322010869565218 0.08413461538461539
4 0.5808423913043478 0.22536057692307693 0.07699728260869565 0.10617788461538462
4 0.7059510869565218 0.3195192307692307 0.07585597826086957 0.09415865384615385
4 0.9511956521739131 0.35557692307692307 0.09759510869565217 0.20233173076923078
4 0.08152173913043478 0.5949519230769231 0.07699728260869565 0.10817307692307693
4 0.05887228260869565 0.7351682692307692 0.09510869565217392 0.12420673076923078
4 0.08264945652173913 0.8864182692307693 0.11775815217391304 0.13822115384615385
4 0.20493206521739132 0.756201923076923 0.0702038043478261 0.10617788461538462
4 0.3164673913043478 0.9346875 0.09171195652173914 0.13060096153846154
4 0.2921195652173913 0.8012740384615384 0.07245923913043478 0.14423076923076922
4 0.26211956521739127 0.30848557692307693 0.09623641304347826 0.16026442307692307
4 0.6589673913043478 0.6139903846153846 0.0702038043478261 0.13822115384615385
4 0.5547961956521739 0.8313221153846153 0.08379076086956522 0.14824519230769231
4 0.4704483695652174 0.9387019230769231 0.078125 0.12259615384615384
4 0.9273097826086957 0.9417067307692307 0.09963315217391304 0.11658653846153846
4 0.9533559782608695 0.6610576923076923 0.08152173913043478 0.12420673076923078
4 0.9250407608695653 0.546875 0.09058423913043478 0.10817307692307693
2 0.7359646739130434 0.06509615384615385 0.0860461956521739 0.13021634615384617
2 0.6006521739130435 0.32752403846153844 0.078125 0.12218749999999999
2 0.546304347826087 0.12819711538461537 0.06453804347826086 0.11218750000000001
2 0.4812092391304348 0.04807692307692308 0.08831521739130435 0.09615384615384616
2 0.234375 0.054086538461538464 0.09510869565217392 0.09615384615384616
2 0.1992798913043478 0.21533653846153847 0.0702038043478261 0.1141826923076923
2 0.12398097826086957 0.05307692307692307 0.10077445652173914 0.10617788461538462
2 0.1268070652173913 0.25841346153846156 0.07699728260869565 0.14423076923076922
2 0.26607336956521743 0.47375 0.07472826086956522 0.10216346153846154
2 0.24456521739130435 0.6149759615384616 0.07472826086956522 0.12819711538461537
2 0.19248641304347824 0.39463942307692307 0.07925271739130435 0.12420673076923078
2 0.07076086956521739 0.36658653846153844 0.07585597826086957 0.10415865384615385
2 0.1466304347826087 0.6911057692307693 0.06680706521739131 0.1201923076923077
2 0.19870923913043478 0.8763942307692307 0.08944293478260869 0.11016826923076922