2 0.5174320652173913 0.6159855769230769 0.0702038043478261 0.16627403846153846
2 0.6046195652173914 0.873389423076923 0.15625 0.1201923076923077
2 0.12228260869565218 0.8263221153846154 0.11775815217391304 0.25040865384615385
2 0.12058423913043478 0.3936298076923077 0.15737771739130435 0.17026442307692308
2 0.1471875 0.06009615384615385 0.12455163043478261 0.1201923076923077
4 0.2791032608695652 0.5789182692307693 0.09398097826086957 0.12819711538461537
4 0.7489809782608695 0.7321634615384615 0.0871875 0.14622596153846154
3 0.45686141304347827 0.33853365384615386 0.05322010869565218 0.08814903846153846
3 0.20040760869565216 0.24439903846153846 0.06793478260869565 0.06810096153846154
3 0.5140353260869565 0.3075 0.05434782608695652 0.09014423076923077
3 0.5933016304347827 0.3205048076923077 0.04755434782608696 0.07612980769230769
3 0.8944701086956522 0.8924278846153846 0.05887228260869565 0.09014423076923077