3 0.21365489130434784 0.6280048076923077 0.1437907608695652 0.19430288461538464
3 0.7860054347826086 0.17829326923076924 0.1245516304347827 0.1762740384615385
3 0.5493614130434782 0.4186778846153846 0.0973777173913043 0.15625
3 0.7882744565217391 0.36557692307692313 0.11322010869565208 0.14223557692307695
3 0.9241440217391304 0.5538942307692307 0.1471874999999999 0.18629807692307684
3 0.4185869565217391 0.6730769230769231 0.11209239130434782 0.2083413461538461
3 0.30027173913043476 0.8633894230769231 0.06341032608695654 0.14021634615384626
3 0.4592391304347826 0.9146634615384616 0.09239130434782608 0.17067307692307693
4 0.28498641304347827 0.25841346153846156 0.08491847826086957 0.11218750000000004
4 0.11457880434782615 0.2704326923076923 0.1268070652173913 0.18430288461538466
4 0.06182065217391304 0.09415865384615385 0.12364130434782608 0.16026442307692304