3 0.4859646739130435 0.9098557692307693 0.08831521739130435 0.12819711538461548
3 0.3483967391304348 0.3840144230769231 0.08039402173913042 0.13420673076923073
3 0.40217391304347827 0.48817307692307693 0.0769972826086956 0.13420673076923073
3 0.4904891304347826 0.45512019230769235 0.07245923913043484 0.1362259615384616
3 0.8613043478260869 0.604375 0.0871875000000001 0.11819711538461543
3 0.8839402173913044 0.16466346153846154 0.11436141304347835 0.15625
4 0.7469429347826086 0.5042067307692307 0.13020380434782605 0.19831730769230768
4 0.9320652173913043 0.6995192307692307 0.1358695652173913 0.1642548076923078
4 0.9307065217391305 0.8954326923076923 0.13858695652173914 0.17548076923076922
4 0.5408695652173913 0.6945192307692308 0.06906250000000005 0.1141826923076923
4 0.21138586956521746 0.8177163461538461 0.06906249999999999 0.1121874999999999
4 0.3778260869565217 0.8347355769230769 0.06453804347826086 0.09014423076923077