4 0.7789809782608696 0.43370192307692307 0.12907608695652173 0.1943028846153846
4 0.9494972826086957 0.5188221153846154 0.10099184782608696 0.20432692307692307
4 0.47951086956521743 0.5558894230769231 0.10077445652173914 0.1542548076923077
4 0.390625 0.6370192307692307 0.10190217391304347 0.16425480769230769
4 0.304008152173913 0.678076923076923 0.09171195652173914 0.1502403846153846
4 0.09850543478260869 0.34153846153846157 0.19021739130434784 0.23036057692307693
4 0.17040760869565216 0.7121394230769231 0.10529891304347826 0.13420673076923076
2 0.4421467391304348 0.054086538461538464 0.18908967391304346 0.10817307692307693
3 0.051521739130434785 0.08713942307692307 0.10302989130434782 0.17427884615384615
3 0.04076086956521739 0.7962740384615384 0.08152173913043478 0.234375
3 0.44440217391304343 0.9276923076923077 0.09398097826086957 0.14461538461538462
3 0.6533016304347826 0.6820913461538461 0.08831521739130435 0.17026442307692308
3 0.5712228260869565 0.48978365384615385 0.09398097826086957 0.16627403846153846
3 0.6108423913043478 0.18028846153846154 0.12567934782608695 0.20432692307692307
3 0.7597418478260869 0.2614182692307692 0.07925271739130435 0.13021634615384617
4 0.9442934782608695 0.8814182692307693 0.10190217391304347 0.2323798076923077
2 0.24908967391304349 0.4066586538461538 0.1471875 0.2283653846153846