3 0.7863451086956522 0.6280048076923077 0.14379076086956522 0.1943028846153846
3 0.2139945652173913 0.17829326923076924 0.12455163043478261 0.17627403846153847
3 0.45063858695652176 0.4186778846153846 0.09737771739130435 0.15625
3 0.2117255434782609 0.36557692307692313 0.11322010869565217 0.14223557692307692
3 0.07585597826086957 0.5538942307692307 0.1471875 0.18629807692307693
3 0.5814130434782608 0.6730769230769231 0.11209239130434782 0.20834134615384617
3 0.6997282608695652 0.8633894230769231 0.06341032608695653 0.14021634615384615
3 0.5400815217391305 0.915673076923077 0.09283967391304347 0.16867788461538463
4 0.7150135869565217 0.25841346153846156 0.08491847826086957 0.11218750000000001
4 0.8854211956521738 0.2704326923076923 0.1268070652173913 0.18430288461538463
4 0.9381793478260869 0.09415865384615385 0.12364130434782608 0.16026442307692307