3 0.22214673913043478 0.38100961538461536 0.1403940217391304 0.16826923076923078
3 0.7763858695652174 0.8217067307692307 0.1483288043478262 0.1642548076923078
3 0.9235733695652174 0.43911057692307687 0.15285326086956522 0.1762740384615384
3 0.7837364130434783 0.6344230769230769 0.10190217391304347 0.11819711538461536
3 0.5442663043478261 0.5793269230769231 0.1143614130434782 0.13221153846153846
3 0.4123641304347826 0.3399519230769231 0.12228260869565218 0.19831730769230768
3 0.5193614130434783 0.375 0.062269021739130494 0.1041586538461538
3 0.30366847826086957 0.13961538461538459 0.08831521739130435 0.13021634615384617
3 0.461616847826087 0.0833413461538462 0.10756793478260863 0.1666586538461538
4 0.28328804347826086 0.7315625 0.08831521739130435 0.12420673076923067
4 0.10778532608695658 0.7456009615384616 0.14493206521739133 0.15625
4 0.06114130434782609 0.9002403846153846 0.12228260869565218 0.15144230769230768
4 0.26120923913043476 0.8808173076923077 0.07133152173913043 0.09814903846153857