4 0.9167798913043478 0.3175 0.16644021739130435 0.19031250000000005
4 0.8386548913043478 0.7221634615384616 0.0871875000000001 0.13420673076923087
4 0.695421195652174 0.6810817307692307 0.09510869565217392 0.1482451923076923
4 0.5170923913043478 0.5488701923076923 0.07585597826086962 0.1762740384615384
4 0.5952173913043478 0.6450240384615384 0.08718749999999995 0.17228365384615382
4 0.20913043478260865 0.4296875 0.13020380434782605 0.17829326923076927
4 0.051630434782608696 0.5178365384615383 0.10326086956521739 0.22235576923076916
4 0.13043478260869565 0.7462019230769231 0.0656657608695652 0.10617788461538452
4 0.042119565217391304 0.884423076923077 0.07925271739130435 0.21435096153846145
3 0.5567255434782609 0.9405048076923077 0.09623641304347831 0.11819711538461529
3 0.9660326086956522 0.8028846153846154 0.06793478260869565 0.19230769230769232
3 0.3580163043478261 0.6831009615384616 0.09510869565217392 0.1642548076923077
3 0.43841032608695657 0.4797596153846154 0.1200135869565218 0.2023317307692308
3 0.4078396739130435 0.17026442307692308 0.1336005434782609 0.18028846153846154
3 0.943953804347826 0.09415865384615385 0.11209239130434782 0.17228365384615382
2 0.5606929347826087 0.05709134615384615 0.19701086956521738 0.1141826923076923
2 0.7509103260869565 0.4126682692307692 0.16531250000000003 0.2443990384615385
1 0.2787635869565217 0.07211538461538461 0.04755434782608696 0.11218750000000001