2 0.5238858695652173 0.40463942307692313 0.08944293478260876 0.1242067307692308
2 0.6693885869565217 0.4246875 0.14493206521739133 0.1041586538461538
2 0.5895652173913044 0.9226682692307692 0.12341032608695658 0.1546394230769232
2 0.4859646739130435 0.639014423076923 0.06566576086956527 0.18829326923076925
3 0.08797554347826086 0.6640625 0.10077445652173915 0.1702644230769231
3 0.24479619565217386 0.5578846153846154 0.049823369565217414 0.08612980769230766
3 0.30027173913043476 0.62 0.0656657608695652 0.11016826923076926
3 0.38576086956521743 0.5859375 0.09623641304347828 0.17427884615384615
2 0.20176630434782608 0.45372596153846156 0.0656657608695652 0.1502403846153846
2 0.23970108695652168 0.054086538461538464 0.09171195652173914 0.08012019230769231
3 0.18648097826086957 0.19129807692307693 0.06906249999999999 0.078125
3 0.050611413043478264 0.21634615384615385 0.060013586956521744 0.11218750000000004
3 0.11854619565217392 0.045072115384615384 0.06001358695652176 0.08213942307692308
3 0.0409918478260869 0.10817307692307693 0.04755434782608696 0.08814903846153846