4 0.24116847826086957 0.5031971153846154 0.12455163043478264 0.14824519230769234
4 0.06283967391304347 0.9098557692307693 0.12567934782608695 0.15223557692307702
4 0.06171195652173913 0.7165384615384615 0.12341032608695654 0.17427884615384615
4 0.41779891304347827 0.34093749999999995 0.07020380434782603 0.1041586538461538
4 0.45968749999999997 0.6905048076923077 0.06566576086956527 0.13420673076923087
4 0.7829483695652174 0.8167067307692307 0.07133152173913043 0.10216346153846154
3 0.6640625 0.39002403846153844 0.11436141304347829 0.13822115384615385
3 0.6046195652173914 0.4921875 0.07020380434782603 0.1141826923076923
3 0.5123369565217392 0.4601442307692307 0.08718749999999995 0.1302163461538462
3 0.09963315217391304 0.18168269230769227 0.1336005434782609 0.1462259615384615
3 0.13699728260869565 0.5973557692307693 0.0928396739130435 0.12420673076923074
3 0.5106385869565218 0.9008413461538461 0.07245923913043484 0.11819711538461529
4 0.6199048913043478 0.8407451923076923 0.06453804347826086 0.09014423076923077
1 0.8237092391304348 0.613389423076923 0.046426630434782706 0.07612980769230773
1 0.8820244565217391 0.605360576923077 0.03623641304347836 0.08413461538461545