4 0.5459646739130435 0.46314903846153843 0.07245923913043484 0.09615384615384616
4 0.7514673913043479 0.20372596153846154 0.1075679347826088 0.14223557692307695
4 0.5165353260869565 0.6935096153846154 0.09058423913043473 0.09615384615384616
4 0.4842663043478261 0.5813221153846155 0.06680706521739124 0.09615384615384623
4 0.10552989130434777 0.6304086538461539 0.0656657608695652 0.07012019230769227
4 0.10495923913043478 0.49319711538461536 0.053220108695652184 0.1201923076923077
4 0.05004076086956527 0.5342548076923077 0.05434782608695652 0.09814903846153843
4 0.027961956521739186 0.6384134615384617 0.05547554347826087 0.078125
3 0.40896739130434784 0.9118509615384615 0.05434782608695652 0.0761298076923076
3 0.5510597826086956 0.5502884615384616 0.050951086956521736 0.09415865384615388
3 0.4282201086956522 0.4090625 0.06341032608695647 0.12819711538461534
3 0.3919836956521739 0.6324038461538463 0.09737771739130432 0.13822115384615385
3 0.14572010869565216 0.701514423076923 0.06453804347826086 0.0761298076923076
3 0.1785597826086956 0.47716346153846156 0.08039402173913046 0.10016826923076927
3 0.25328804347826084 0.5883413461538461 0.09623641304347824 0.12620192307692307
3 0.33820652173913046 0.740576923076923 0.050951086956521736 0.0701201923076922
3 0.34500000000000003 0.4801682692307692 0.060013586956521724 0.10216346153846154
2 0.3863179347826087 0.42807692307692313 0.045285326086956575 0.12620192307692307