3 0.7778532608695652 0.6189903846153846 0.14039402173913043 0.16826923076923078
3 0.22361413043478262 0.17829326923076924 0.14832880434782608 0.16425480769230769
3 0.07642663043478261 0.5608894230769231 0.15285326086956522 0.17627403846153847
3 0.21626358695652173 0.36557692307692313 0.10190217391304347 0.11819711538461539
3 0.4557336956521739 0.4206730769230769 0.11436141304347826 0.13221153846153846
3 0.5876358695652174 0.6600480769230769 0.12228260869565218 0.19831730769230768
3 0.48063858695652173 0.625 0.06226902173913043 0.10415865384615385
3 0.6963315217391305 0.8603846153846154 0.08831521739130435 0.13021634615384617
3 0.5383831521739131 0.9166586538461539 0.1075679347826087 0.16665865384615383
4 0.7167119565217391 0.2684375 0.08831521739130435 0.12420673076923078
4 0.8922146739130434 0.25439903846153844 0.1449320652173913 0.15625
4 0.93875 0.09814903846153845 0.12251358695652174 0.15223557692307693
4 0.7387907608695652 0.11918269230769231 0.07133152173913043 0.09814903846153845