2 0.47214673913043476 0.39262019230769235 0.09963315217391304 0.12819711538461537
2 0.32438858695652173 0.4246875 0.16417119565217392 0.11617788461538461
2 0.7704891304347826 0.4517307692307692 0.11661684782608696 0.13420673076923076
2 0.5140353260869565 0.6360096153846153 0.08831521739130435 0.20632211538461537
2 0.4155298913043478 0.9176682692307693 0.1268070652173913 0.16466346153846154
2 0.4036413043478261 0.5528846153846154 0.11209239130434782 0.12420673076923078
2 0.7874728260869566 0.6600480769230769 0.09623641304347826 0.10617788461538462
3 0.9176902173913043 0.6690625 0.1324728260869565 0.22036057692307692
3 0.6119836956521739 0.5779326923076923 0.09171195652173914 0.1542548076923077
3 0.750108695652174 0.5638942307692308 0.044157608695652176 0.07411057692307692
3 0.6969021739130434 0.6179807692307692 0.06226902173913043 0.12620192307692307
3 0.8248369565217392 0.18528846153846154 0.05547554347826087 0.08213942307692308
3 0.8910733695652174 0.045072115384615384 0.04528532608695652 0.09014423076923077
2 0.7518070652173914 0.05709134615384615 0.10190217391304347 0.058100961538461546