4 0.9167798913043478 0.6824999999999999 0.16644021739130435 0.19031249999999997
4 0.8386548913043478 0.27783653846153844 0.0871875000000001 0.13420673076923073
4 0.695421195652174 0.31891826923076927 0.09510869565217392 0.14824519230769234
4 0.5170923913043478 0.45112980769230765 0.07585597826086962 0.1762740384615384
4 0.5952173913043478 0.35497596153846156 0.08718749999999995 0.17228365384615388
4 0.20913043478260865 0.5703125 0.13020380434782605 0.1782932692307692
4 0.051630434782608696 0.48216346153846157 0.10326086956521739 0.22235576923076922
4 0.13043478260869565 0.2537980769230769 0.0656657608695652 0.10617788461538466
4 0.042119565217391304 0.11557692307692304 0.07925271739130435 0.2143509615384616
3 0.5567255434782609 0.059495192307692304 0.09623641304347831 0.11819711538461539
3 0.9660326086956522 0.19471153846153846 0.06793478260869565 0.19230769230769232
3 0.3580163043478261 0.31689903846153844 0.09510869565217392 0.16425480769230766
3 0.43841032608695657 0.5202403846153846 0.1200135869565218 0.2023317307692308
3 0.4078396739130435 0.829735576923077 0.1336005434782609 0.18028846153846154
3 0.943953804347826 0.9058413461538461 0.11209239130434782 0.17228365384615374
2 0.5606929347826087 0.9429086538461539 0.19701086956521738 0.1141826923076923
2 0.7509103260869565 0.5873317307692308 0.16531250000000003 0.2443990384615385
1 0.2787635869565217 0.9278846153846154 0.04755434782608696 0.1121874999999999