4 0.6320244565217391 0.10516826923076923 0.0769972826086956 0.09415865384615385
4 0.6501358695652174 0.2714423076923077 0.06793478260869565 0.13822115384615388
4 0.5561548913043478 0.38961538461538464 0.06793478260869565 0.1622596153846154
4 0.6642934782608695 0.7321634615384615 0.08718750000000001 0.14622596153846162
4 0.6189945652173913 0.8964423076923077 0.10529891304347826 0.1702644230769232
4 0.5018070652173913 0.41665865384615386 0.0566168478260869 0.10817307692307693
2 0.4921875 0.30149038461538463 0.078125 0.11819711538461536
4 0.5035054347826087 0.21233173076923076 0.05322010869565212 0.08413461538461539
4 0.41915760869565216 0.22536057692307693 0.0769972826086956 0.10617788461538466
4 0.2940489130434782 0.3195192307692307 0.07585597826086954 0.09415865384615388
4 0.0488043478260869 0.35557692307692307 0.09759510869565215 0.2023317307692308
4 0.9184782608695652 0.5949519230769231 0.07699728260869575 0.10817307692307693
4 0.9411277173913043 0.7351682692307692 0.09510869565217392 0.12420673076923067
4 0.9173505434782608 0.8864182692307693 0.11775815217391314 0.13822115384615385
4 0.7950679347826086 0.756201923076923 0.07020380434782618 0.10617788461538452
4 0.6835326086956522 0.9346875 0.09171195652173914 0.13060096153846162
4 0.7078804347826086 0.8012740384615384 0.07245923913043475 0.14423076923076922
4 0.7378804347826088 0.30848557692307693 0.09623641304347824 0.16026442307692312
4 0.34103260869565216 0.6139903846153845 0.07020380434782607 0.13822115384615377
4 0.4452038043478261 0.8313221153846153 0.08379076086956516 0.1482451923076922
4 0.5295516304347826 0.9387019230769231 0.078125 0.12259615384615384
4 0.07269021739130435 0.9417067307692307 0.09963315217391303 0.11658653846153846
4 0.046644021739130494 0.6610576923076923 0.08152173913043478 0.12420673076923074
4 0.07495923913043473 0.546875 0.0905842391304348 0.10817307692307693
2 0.26290760869565216 0.06490384615384616 0.08559782608695653 0.12980769230769232
2 0.39934782608695657 0.32752403846153844 0.078125 0.12218749999999996
2 0.45369565217391306 0.12819711538461537 0.06453804347826086 0.11218749999999998
2 0.5187907608695652 0.04807692307692308 0.08831521739130435 0.09615384615384616
2 0.765625 0.054086538461538464 0.09510869565217392 0.09615384615384616
2 0.8007201086956522 0.21533653846153847 0.07020380434782618 0.1141826923076923
2 0.875 0.052884615384615384 0.10054347826086957 0.10576923076923077
2 0.8731929347826086 0.25841346153846156 0.07699728260869575 0.14423076923076922
2 0.7339266304347826 0.47375 0.07472826086956522 0.10216346153846154
2 0.7554347826086957 0.6149759615384616 0.07472826086956522 0.12819711538461534
2 0.8075135869565218 0.39463942307692307 0.07925271739130425 0.1242067307692308
2 0.9292391304347826 0.36658653846153844 0.07585597826086947 0.1041586538461538
2 0.8533695652173914 0.6911057692307693 0.06680706521739141 0.1201923076923077
2 0.8012907608695652 0.8763942307692307 0.08944293478260859 0.11016826923076933