4 0.45403532608695657 0.5368509615384616 0.07245923913043478 0.09615384615384616
4 0.24853260869565216 0.7962740384615384 0.1075679347826087 0.14223557692307692
4 0.48346467391304343 0.30649038461538464 0.09058423913043478 0.09615384615384616
4 0.5157336956521739 0.4186778846153846 0.06680706521739131 0.09615384615384616
4 0.8944701086956522 0.36959134615384615 0.06566576086956522 0.07012019230769231
4 0.8950407608695652 0.5068028846153847 0.05322010869565218 0.1201923076923077
4 0.9499592391304347 0.4657451923076923 0.05434782608695652 0.09814903846153845
4 0.9720380434782608 0.36158653846153843 0.05547554347826087 0.078125
3 0.5910326086956522 0.08814903846153846 0.05434782608695652 0.07612980769230769
3 0.44894021739130435 0.4497115384615385 0.050951086956521736 0.09415865384615385
3 0.5717798913043478 0.5909375 0.06341032608695653 0.12819711538461537
3 0.608016304347826 0.3675961538461538 0.09737771739130435 0.13822115384615385
3 0.8542798913043478 0.2984855769230769 0.06453804347826086 0.07612980769230769
3 0.8214402173913044 0.5228365384615384 0.08039402173913043 0.10016826923076924
3 0.7467119565217392 0.41165865384615385 0.09623641304347826 0.12620192307692307
3 0.6617934782608695 0.2594230769230769 0.050951086956521736 0.07012019230769231
3 0.655 0.5198317307692307 0.060013586956521744 0.10216346153846154
2 0.6136820652173913 0.5719230769230769 0.04528532608695652 0.12620192307692307