4 0.27796195652173916 0.5779326923076923 0.10302989130434782 0.13021634615384617
4 0.7506793478260869 0.7381730769230769 0.08831521739130435 0.17026442307692308
2 0.5995244565217391 0.8804086538461539 0.18455163043478262 0.1502403846153846
4 0.6640625 0.7872596153846154 0.08039402173913043 0.09213942307692308
2 0.516875 0.6119711538461539 0.08491847826086957 0.19831730769230768
2 0.1285054347826087 0.3996394230769231 0.13474184782608695 0.17026442307692308
2 0.12171195652173913 0.8102884615384615 0.13020380434782608 0.25439903846153844
2 0.13304347826086957 0.0751201923076923 0.13926630434782608 0.09415865384615385
4 0.40138586956521743 0.2013221153846154 0.08039402173913043 0.12620192307692307
3 0.20323369565217392 0.24838942307692308 0.06226902173913043 0.08413461538461539
3 0.5202717391304348 0.3094951923076923 0.060013586956521744 0.09415865384615385
3 0.4528940217391304 0.35355769230769235 0.06341032608695653 0.11819711538461539
3 0.8265353260869566 0.7101442307692308 0.06341032608695653 0.1141826923076923