4 0.08322010869565218 0.3175 0.16644021739130435 0.1903125
4 0.16134510869565216 0.7221634615384616 0.0871875 0.13420673076923076
4 0.3045788043478261 0.6810817307692307 0.09510869565217392 0.14824519230769231
4 0.4829076086956522 0.5488701923076923 0.07585597826086957 0.17627403846153847
4 0.4047826086956522 0.6450240384615384 0.0871875 0.17228365384615385
4 0.7908695652173914 0.4296875 0.13020380434782608 0.17829326923076924
4 0.9483695652173914 0.5178365384615384 0.10326086956521739 0.22235576923076922
4 0.8695652173913043 0.7462019230769231 0.06566576086956522 0.10617788461538462
4 0.9578804347826086 0.884423076923077 0.07925271739130435 0.21435096153846153
3 0.44327445652173914 0.9405048076923077 0.09623641304347826 0.11819711538461539
3 0.03339673913043478 0.8042788461538461 0.06680706521739131 0.1903125
3 0.641983695652174 0.6831009615384616 0.09510869565217392 0.16425480769230769
3 0.5615896739130435 0.4797596153846154 0.12001358695652174 0.20233173076923078
3 0.5921603260869565 0.17026442307692308 0.13360054347826086 0.18028846153846154
3 0.05604619565217391 0.09415865384615385 0.11209239130434782 0.17228365384615385
2 0.43930706521739127 0.05709134615384615 0.19701086956521738 0.1141826923076923
2 0.24908967391304349 0.4126682692307692 0.1653125 0.24439903846153846
1 0.7212364130434783 0.07211538461538461 0.04755434782608696 0.11218750000000001