2 0.5174320652173913 0.3840144230769231 0.07020380434782603 0.1662740384615385
2 0.6046195652173914 0.12661057692307695 0.15625 0.1201923076923077
2 0.12228260869565218 0.1736778846153846 0.11775815217391307 0.2504086538461539
2 0.12058423913043478 0.6063701923076923 0.15737771739130432 0.1702644230769231
2 0.1471875 0.9399038461538461 0.1245516304347826 0.1201923076923077
4 0.2791032608695652 0.4210817307692307 0.09398097826086958 0.12819711538461534
4 0.7489809782608695 0.2678365384615385 0.0871875000000001 0.1462259615384615
3 0.45686141304347827 0.661466346153846 0.05322010869565212 0.08814903846153836
3 0.20040760869565216 0.7556009615384615 0.06793478260869565 0.06810096153846164
3 0.5140353260869565 0.6925 0.05434782608695652 0.09014423076923077
3 0.5933016304347827 0.6794951923076922 0.04755434782608696 0.0761298076923076
3 0.8944701086956522 0.10757211538461539 0.05887228260869555 0.09014423076923077