2 0.5278532608695652 0.6073798076923077 0.0996331521739131 0.12819711538461534
2 0.6756114130434783 0.5753125 0.1641711956521739 0.11617788461538457
2 0.22951086956521732 0.5482692307692308 0.11661684782608693 0.13420673076923073
2 0.4859646739130435 0.36399038461538463 0.08831521739130435 0.20632211538461534
2 0.5844701086956522 0.08233173076923077 0.12680706521739135 0.16466346153846154
2 0.5963586956521739 0.44711538461538464 0.11209239130434782 0.1242067307692308
2 0.21252717391304343 0.3399519230769231 0.09623641304347824 0.10617788461538466
3 0.0823097826086957 0.33093750000000005 0.1324728260869565 0.22036057692307695
3 0.3880163043478261 0.4220673076923077 0.09171195652173914 0.15425480769230773
3 0.24989130434782603 0.4361057692307692 0.044157608695652176 0.07411057692307689
3 0.30309782608695657 0.38201923076923083 0.06226902173913041 0.12620192307692307
3 0.1751630434782608 0.8147115384615385 0.05547554347826085 0.08213942307692298
3 0.10892663043478255 0.9549278846153846 0.04528532608695651 0.09014423076923077
2 0.24819293478260865 0.9429086538461539 0.10190217391304347 0.05810096153846144