2 0.4761141304347826 0.40463942307692313 0.08944293478260869 0.12420673076923078
2 0.3306114130434783 0.4246875 0.1449320652173913 0.10415865384615385
2 0.41043478260869565 0.9226682692307692 0.12341032608695653 0.15463942307692308
2 0.5140353260869565 0.639014423076923 0.06566576086956522 0.18829326923076922
3 0.9120244565217391 0.6640625 0.10077445652173914 0.17026442307692308
3 0.7552038043478262 0.5578846153846154 0.04982336956521739 0.08612980769230769
3 0.6997282608695652 0.62 0.06566576086956522 0.11016826923076922
3 0.6142391304347826 0.5859375 0.09623641304347826 0.17427884615384615
2 0.798233695652174 0.45372596153846156 0.06566576086956522 0.1502403846153846
2 0.7602989130434783 0.054086538461538464 0.09171195652173914 0.08012019230769231
3 0.8135190217391305 0.19129807692307693 0.0690625 0.078125
3 0.9493885869565217 0.21634615384615385 0.060013586956521744 0.11218750000000001
3 0.881453804347826 0.045072115384615384 0.060013586956521744 0.08213942307692308
3 0.9590081521739131 0.10817307692307693 0.04755434782608696 0.08814903846153846