3 0.5140353260869565 0.9098557692307693 0.08831521739130435 0.12819711538461548
3 0.6516032608695652 0.3840144230769231 0.08039402173913038 0.13420673076923073
3 0.5978260869565217 0.48817307692307693 0.0769972826086956 0.13420673076923073
3 0.5095108695652174 0.45512019230769235 0.07245923913043484 0.1362259615384616
3 0.13869565217391305 0.604375 0.08718749999999999 0.11819711538461543
3 0.11605978260869565 0.16466346153846154 0.11436141304347824 0.15625
4 0.2530570652173913 0.5042067307692307 0.13020380434782605 0.19831730769230768
4 0.06793478260869565 0.6995192307692307 0.1358695652173913 0.1642548076923078
4 0.06861413043478261 0.8954326923076923 0.13722826086956522 0.17548076923076922
4 0.45913043478260873 0.6945192307692308 0.06906250000000005 0.1141826923076923
4 0.7886141304347826 0.8177163461538461 0.0690624999999999 0.1121874999999999
4 0.6221739130434782 0.8347355769230769 0.06453804347826086 0.09014423076923077