2 0.6852309782608696 0.4641346153846154 0.28985054347826084 0.1462259615384615
2 0.4197282608695652 0.21454326923076922 0.1324728260869565 0.42908653846153844
2 0.6122010869565218 0.27584134615384615 0.20493206521739135 0.22235576923076922
2 0.757703804347826 0.13862980769230773 0.2264538043478261 0.21233173076923073
2 0.33990489130434787 0.5623076923076923 0.1245516304347826 0.35858173076923083
2 0.08389945652173914 0.5863461538461539 0.16779891304347827 0.34656250000000005
2 0.11277173913043478 0.13862980769230773 0.22554347826086957 0.24838942307692305
2 0.297554347826087 0.10216346153846154 0.11413043478260869 0.20432692307692307
2 0.03804347826086957 0.3589663461538461 0.07608695652173914 0.21233173076923073
2 0.13654891304347827 0.8828125 0.27309782608695654 0.234375
2 0.9450815217391305 0.49418269230769235 0.1098233695652173 0.3144951923076923
3 0.9031929347826086 0.18468749999999995 0.16191576086956533 0.21233173076923073
3 0.8244972826086957 0.8457451923076923 0.12001358695652165 0.18829326923076933
3 0.43953804347826086 0.5593028846153845 0.10869565217391304 0.19230769230769224
3 0.34273097826086957 0.8207211538461539 0.10529891304347826 0.1903124999999999
3 0.4984103260869565 0.9048557692307693 0.11775815217391299 0.18228365384615394
3 0.5674864130434782 0.6975240384615385 0.1313451086956521 0.2684375
3 0.7248641304347826 0.8087019230769231 0.0905842391304348 0.1422355769230768
2 0.8284646739130435 0.7075240384615384 0.19361413043478262 0.17228365384615374
3 0.9230027173913044 0.8447596153846154 0.08604619565217382 0.11016826923076933
1 0.7865760869565217 0.3339423076923077 0.09623641304347816 0.15425480769230773
1 0.5046467391304348 0.38300480769230766 0.08039402173913038 0.24838942307692305
1 0.3812228260869565 0.9579326923076923 0.1098233695652174 0.08413461538461539