3 0.5408695652173913 0.62 0.12567934782608695 0.19831730769230768
3 0.6144701086956522 0.4367067307692307 0.10302989130434788 0.16026442307692312
3 0.5403125 0.24639423076923078 0.07472826086956522 0.1041586538461538
3 0.609945652173913 0.19129807692307693 0.06453804347826086 0.09415865384615384
3 0.33480978260869565 0.46875 0.08944293478260872 0.10817307692307693
3 0.08457880434782608 0.7702403846153847 0.1279483695652174 0.1622596153846154
3 0.20403532608695646 0.9076442307692307 0.12228260869565218 0.1846875000000001
3 0.28046195652173905 0.35557692307692307 0.06453804347826086 0.10216346153846154
3 0.4016032608695652 0.2784375 0.06680706521739124 0.07612980769230766
2 0.11118206521739137 0.5288461538461539 0.0860461956521739 0.14423076923076922
2 0.6586277173913043 0.8273317307692308 0.17775815217391303 0.31651442307692296