2 0.6852309782608696 0.5358653846153846 0.28985054347826084 0.1462259615384615
2 0.4197282608695652 0.7854567307692307 0.1324728260869565 0.42908653846153844
2 0.6122010869565218 0.7241586538461539 0.20493206521739135 0.22235576923076922
2 0.757703804347826 0.8613701923076923 0.2264538043478261 0.21233173076923087
2 0.33990489130434787 0.4376923076923077 0.1245516304347826 0.35858173076923083
2 0.08389945652173914 0.4136538461538462 0.16779891304347827 0.34656250000000005
2 0.11277173913043478 0.8613701923076923 0.22554347826086957 0.2483894230769232
2 0.297554347826087 0.8966346153846154 0.11413043478260869 0.20673076923076922
2 0.03804347826086957 0.6410336538461539 0.07608695652173914 0.2123317307692308
2 0.13654891304347827 0.1171875 0.27309782608695654 0.234375
2 0.9450815217391305 0.5058173076923077 0.1098233695652173 0.3144951923076923
3 0.9031929347826086 0.8153125 0.16191576086956533 0.21233173076923087
3 0.8244972826086957 0.1542548076923077 0.12001358695652165 0.18829326923076925
3 0.43953804347826086 0.4406971153846154 0.10869565217391304 0.19230769230769232
3 0.34273097826086957 0.17927884615384615 0.10529891304347826 0.19031249999999997
3 0.4984103260869565 0.09514423076923076 0.11775815217391299 0.1822836538461539
3 0.5674864130434782 0.3024759615384615 0.1313451086956521 0.2684375
3 0.7248641304347826 0.19129807692307693 0.0905842391304348 0.14223557692307692
2 0.8284646739130435 0.29247596153846156 0.19361413043478262 0.17228365384615382
3 0.9230027173913044 0.1552403846153846 0.08604619565217382 0.11016826923076925
1 0.7865760869565217 0.6660576923076923 0.09623641304347816 0.15425480769230765
1 0.5046467391304348 0.6169951923076924 0.08039402173913038 0.2483894230769231
1 0.3812228260869565 0.042067307692307696 0.1098233695652174 0.08413461538461539