1 0.8078532608695653 0.6239903846153846 0.10982336956521739 0.16627403846153846
1 0.7133152173913043 0.5328605769230769 0.0702038043478261 0.18028846153846154
1 0.9359103260869566 0.6640625 0.12816576086956522 0.13822115384615385
2 0.4744157608695652 0.5188221153846154 0.22645380434782608 0.14824519230769231
2 0.3889266304347826 0.8535576923076923 0.2117255434782609 0.29286057692307693
2 0.18569293478260868 0.6720673076923076 0.19248641304347824 0.33052884615384615
2 0.2836277173913043 0.37661057692307687 0.10982336956521739 0.28444711538461537
2 0.08434782608695653 0.46975961538461536 0.11661684782608696 0.2704326923076923
2 0.40251358695652173 0.28444711538461537 0.12341032608695653 0.3004807692307692
2 0.48233695652173914 0.08312499999999999 0.25815217391304346 0.16627403846153846
3 0.5559375 0.8162980769230769 0.12907608695652173 0.18228365384615383
3 0.6363179347826087 0.5979567307692307 0.12455163043478261 0.24639423076923078
3 0.7116168478260869 0.3595673076923077 0.12115489130434783 0.16627403846153846
3 0.4953532608695652 0.37259615384615385 0.08944293478260869 0.16425480769230769
3 0.6057472826086956 0.3054807692307692 0.09058423913043478 0.1943028846153846
2 0.8368478260869565 0.8363461538461539 0.3263179347826087 0.23036057692307693