4 0.45652173913043476 0.4847836538461538 0.06114130434782609 0.1362259615384616
4 0.6603260869565217 0.47276442307692307 0.08152173913043478 0.13221153846153846
4 0.5771059782608695 0.8663942307692308 0.08039402173913038 0.13822115384615385
4 0.649008152173913 0.07312500000000001 0.06793478260869565 0.10216346153846154
4 0.11797554347826092 0.16326923076923078 0.0702038043478261 0.11016826923076925
4 0.9711277173913043 0.8213221153846154 0.057744565217391304 0.21634615384615385
3 0.3863179347826087 0.3205048076923077 0.07020380434782603 0.1242067307692308
3 0.7888315217391305 0.058100961538461546 0.07585597826086947 0.11617788461538461
3 0.22836956521739135 0.17627403846153847 0.10077445652173915 0.17228365384615382
3 0.21478260869565222 0.48677884615384615 0.10077445652173915 0.1762740384615384
3 0.41066576086956524 0.18329326923076922 0.06906250000000005 0.1181971153846154
3 0.8641304347826086 0.9326923076923077 0.11096467391304357 0.1346153846153846
3 0.9748641304347826 0.18629807692307693 0.050271739130434784 0.18028846153846154