3 0.5055434782608695 0.8162980769230769 0.16644021739130435 0.24237980769230769
3 0.24908967391304349 0.4907932692307692 0.12001358695652174 0.19230769230769232
3 0.19588315217391303 0.29346153846153844 0.12455163043478261 0.18228365384615383
3 0.3475951086956522 0.24939903846153846 0.10642663043478261 0.31850961538461536
3 0.5078125 0.395625 0.10982336956521739 0.1943028846153846
3 0.8322010869565217 0.4567307692307692 0.11775815217391304 0.2003125
2 0.4829076086956522 0.10817307692307693 0.20040760869565216 0.21634615384615385
2 0.4030842391304348 0.5799278846153846 0.10642663043478261 0.2784375
2 0.6006521739130435 0.4406971153846154 0.07133152173913043 0.4607451923076923
2 0.8010597826086957 0.8784134615384616 0.19588315217391303 0.17427884615384615
2 0.8944701086956522 0.4206730769230769 0.09737771739130435 0.5088221153846153
2 0.9121331521739131 0.09014423076923077 0.1757201086956522 0.18028846153846154
1 0.6782201086956522 0.1893028846153846 0.14945652173913043 0.19831730769230768
1 0.4421467391304348 0.2754326923076923 0.10077445652173914 0.17427884615384615
1 0.2632472826086957 0.9557211538461539 0.09398097826086957 0.08853365384615385
1 0.07699728260869565 0.5078125 0.04982336956521739 0.14622596153846154
3 0.16926630434782608 0.8082932692307693 0.15512228260869565 0.19831730769230768
3 0.26834239130434784 0.717139423076923 0.10190217391304347 0.20834134615384617
2 0.7184103260869565 0.36459134615384614 0.15058423913043478 0.18028846153846154