3 0.45913043478260873 0.62 0.12567934782608695 0.19831730769230768
3 0.38552989130434784 0.4367067307692307 0.10302989130434782 0.16026442307692307
3 0.45968749999999997 0.24639423076923078 0.07472826086956522 0.10415865384615385
3 0.39005434782608694 0.19129807692307693 0.06453804347826086 0.09415865384615385
3 0.6651902173913044 0.46875 0.08944293478260869 0.10817307692307693
3 0.915421195652174 0.7702403846153847 0.1279483695652174 0.1622596153846154
3 0.7959646739130435 0.9076442307692307 0.12228260869565218 0.1846875
3 0.7195380434782609 0.35557692307692307 0.06453804347826086 0.10216346153846154
3 0.5983967391304348 0.2784375 0.06680706521739131 0.07612980769230769
2 0.8888179347826086 0.5288461538461539 0.0860461956521739 0.14423076923076922
2 0.3413722826086957 0.8273317307692308 0.17775815217391305 0.31651442307692307