3 0.31137228260869565 0.859375 0.09737771739130435 0.16425480769230769
3 0.6182065217391305 0.8383413461538461 0.06566576086956522 0.1141826923076923
3 0.3979891304347826 0.40564903846153844 0.05547554347826087 0.10617788461538462
3 0.3294836956521739 0.41165865384615385 0.04755434782608696 0.11016826923076922
4 0.1896467391304348 0.44471153846153844 0.06226902173913043 0.08012019230769231
4 0.408179347826087 0.5638942307692308 0.09171195652173914 0.10216346153846154
4 0.5485733695652174 0.7091346153846154 0.06680706521739131 0.10817307692307693
4 0.5389538043478261 0.5769230769230769 0.043029891304347825 0.08012019230769231
4 0.8146467391304348 0.9445192307692308 0.07360054347826087 0.10216346153846154
4 0.9573097826086957 0.756201923076923 0.08491847826086957 0.11819711538461539
3 0.6017934782608696 0.3736057692307692 0.06680706521739131 0.09814903846153845