4 0.5434782608695652 0.5152163461538461 0.06114130434782609 0.1362259615384616
4 0.33967391304347827 0.527235576923077 0.08152173913043478 0.13221153846153846
4 0.42289402173913043 0.1336057692307692 0.08039402173913038 0.13822115384615385
4 0.35099184782608694 0.926875 0.06793478260869565 0.10216346153846154
4 0.8820244565217391 0.8367307692307692 0.07020380434782618 0.11016826923076933
4 0.028872282608695652 0.17867788461538459 0.057744565217391304 0.21634615384615385
3 0.6136820652173913 0.6794951923076922 0.07020380434782603 0.12420673076923067
3 0.21116847826086954 0.9418990384615384 0.07585597826086954 0.11617788461538471
3 0.7716304347826086 0.8237259615384616 0.10077445652173923 0.17228365384615374
3 0.7852173913043478 0.5132211538461539 0.10077445652173923 0.1762740384615384
3 0.5893342391304348 0.8167067307692307 0.06906250000000005 0.11819711538461529
3 0.1358695652173913 0.0673076923076923 0.1109646739130435 0.1346153846153846
3 0.024456521739130436 0.8112980769230769 0.04891304347826087 0.18028846153846154