3 0.31137228260869565 0.140625 0.09737771739130437 0.16425480769230766
3 0.6182065217391305 0.16165865384615385 0.06566576086956527 0.1141826923076923
3 0.3979891304347826 0.5943509615384616 0.055475543478260926 0.10617788461538459
3 0.3294836956521739 0.5883413461538461 0.04755434782608696 0.11016826923076926
4 0.1896467391304348 0.5552884615384616 0.06226902173913041 0.08012019230769227
4 0.408179347826087 0.4361057692307692 0.09171195652173914 0.10216346153846154
4 0.5485733695652174 0.29086538461538464 0.06680706521739124 0.10817307692307693
4 0.5389538043478261 0.4230769230769231 0.04302989130434777 0.08012019230769227
4 0.8146467391304348 0.055480769230769195 0.07360054347826096 0.10216346153846154
4 0.9573097826086957 0.24379807692307695 0.08491847826086957 0.11819711538461543
3 0.6017934782608696 0.6263942307692308 0.06680706521739124 0.0981490384615385