1 0.19214673913043473 0.3760096153846154 0.10982336956521736 0.1662740384615385
1 0.2866847826086957 0.46713942307692313 0.07020380434782611 0.18028846153846154
1 0.06408967391304342 0.3359375 0.1281657608695652 0.13822115384615385
2 0.5255842391304347 0.4811778846153846 0.22645380434782603 0.14824519230769234
2 0.6110733695652174 0.14644230769230773 0.21172554347826084 0.2928605769230769
2 0.8143070652173914 0.32793269230769234 0.19248641304347835 0.33052884615384615
2 0.7163722826086957 0.6233894230769231 0.10982336956521736 0.2844471153846154
2 0.9156521739130434 0.5302403846153847 0.11661684782608686 0.2704326923076924
2 0.5974864130434783 0.7155528846153847 0.12341032608695658 0.3004807692307692
2 0.5176630434782609 0.9158653846153846 0.25815217391304346 0.16826923076923078
3 0.44406249999999997 0.18370192307692312 0.12907608695652173 0.1822836538461538
3 0.3636820652173913 0.4020432692307692 0.1245516304347826 0.24639423076923078
3 0.288383152173913 0.6404326923076922 0.12115489130434781 0.16627403846153843
3 0.5046467391304348 0.6274038461538461 0.08944293478260876 0.1642548076923077
3 0.39425271739130435 0.6945192307692308 0.09058423913043473 0.19430288461538464
2 0.16304347826086957 0.1622596153846154 0.32608695652173914 0.2283653846153846