3 0.3861005434782609 0.6610576923076923 0.1788994565217391 0.30848557692307693
3 0.13699728260869565 0.7471875 0.12228260869565218 0.20432692307692307
3 0.9477989130434783 0.8002884615384616 0.10438858695652174 0.32252403846153843
1 0.46762228260869565 0.059086538461538454 0.12455163043478261 0.11819711538461539
1 0.8180434782608696 0.21735576923076924 0.14605978260869565 0.20233173076923078
1 0.7240760869565217 0.3605769230769231 0.14605978260869565 0.1963221153846154
1 0.6736820652173913 0.5599038461538461 0.1766304347826087 0.17026442307692308
1 0.9268614130434782 0.37759615384615386 0.14629076086956522 0.21435096153846153
1 0.8384239130434783 0.8625721153846153 0.23889945652173913 0.2748317307692308
1 0.6368885869565217 0.826514423076923 0.17096467391304349 0.3469471153846154
2 0.2473913043478261 0.7251682692307693 0.10982336956521739 0.4847836538461538
2 0.48346467391304343 0.2333653846153846 0.21739130434782608 0.1622596153846154
2 0.5061141304347826 0.865576923076923 0.10642663043478261 0.26882211538461537