3 0.6138994565217392 0.6610576923076923 0.17889945652173908 0.30848557692307704
3 0.8630027173913043 0.7471875 0.12228260869565218 0.20432692307692307
3 0.05220108695652168 0.8002884615384616 0.10438858695652171 0.3225240384615384
1 0.53125 0.05889423076923077 0.125 0.11778846153846154
1 0.18195652173913038 0.21735576923076924 0.14605978260869565 0.20233173076923075
1 0.2759239130434783 0.3605769230769231 0.14605978260869565 0.19632211538461541
1 0.32631793478260873 0.5599038461538461 0.1766304347826087 0.17026442307692305
1 0.07269021739130435 0.3762019230769231 0.1453804347826087 0.21394230769230768
1 0.16157608695652168 0.8625721153846153 0.2388994565217392 0.27483173076923084
1 0.36311141304347827 0.826514423076923 0.17096467391304349 0.3469471153846155
2 0.7526086956521738 0.7251682692307693 0.1098233695652173 0.48478365384615374
2 0.5165353260869565 0.23336538461538459 0.21739130434782608 0.16225961538461536
2 0.4938858695652174 0.865576923076923 0.10642663043478266 0.2688221153846155