3 0.5408695652173913 0.37999999999999995 0.12567934782608695 0.19831730769230768
3 0.6144701086956522 0.5632932692307693 0.10302989130434788 0.16026442307692312
3 0.5403125 0.7536057692307693 0.07472826086956522 0.10415865384615394
3 0.609945652173913 0.8087019230769231 0.06453804347826086 0.09415865384615375
3 0.33480978260869565 0.53125 0.08944293478260872 0.10817307692307693
3 0.08457880434782608 0.22975961538461534 0.1279483695652174 0.1622596153846154
3 0.20403532608695646 0.09235576923076927 0.12228260869565218 0.18468749999999995
3 0.28046195652173905 0.644423076923077 0.06453804347826086 0.10216346153846154
3 0.4016032608695652 0.7215625 0.06680706521739124 0.0761298076923076
2 0.11118206521739137 0.47115384615384615 0.0860461956521739 0.14423076923076922
2 0.6586277173913043 0.1726682692307692 0.17775815217391303 0.31651442307692296