3 0.49422554347826086 0.6400240384615384 0.10302989130434782 0.1542548076923077
3 0.11379076086956522 0.7241586538461539 0.09171195652173914 0.12620192307692307
3 0.30740489130434784 0.45872596153846157 0.07360054347826087 0.12420673076923078
3 0.01980978260869565 0.6810817307692307 0.03963315217391305 0.14021634615384615
3 0.2190896739130435 0.8793990384615384 0.08491847826086957 0.15223557692307693
3 0.20153532608695654 0.7261538461538461 0.0702038043478261 0.13021634615384617
3 0.31929347826086957 0.5959615384615384 0.06341032608695653 0.1141826923076923
3 0.29099184782608695 0.7702403846153847 0.07699728260869565 0.12620192307692307
3 0.37703804347826086 0.5599038461538461 0.05434782608695652 0.10617788461538462
2 0.3702445652173913 0.689110576923077 0.12907608695652173 0.12420673076923078
2 0.4998913043478261 0.8994471153846154 0.06226902173913043 0.2003125