2 0.3147690217391304 0.5358653846153846 0.2898505434782609 0.14622596153846154
2 0.5802717391304347 0.7854567307692307 0.1324728260869565 0.42908653846153844
2 0.3877989130434783 0.7241586538461539 0.20493206521739132 0.22235576923076922
2 0.24229619565217392 0.8613701923076923 0.22645380434782608 0.21233173076923076
2 0.6600951086956521 0.4376923076923077 0.12455163043478261 0.3585817307692307
2 0.9161005434782609 0.4136538461538462 0.16779891304347827 0.3465625
2 0.8872282608695652 0.8613701923076923 0.22554347826086957 0.24838942307692308
2 0.7014266304347826 0.8976442307692308 0.11436141304347826 0.20473557692307692
2 0.9619565217391305 0.6410336538461539 0.07608695652173914 0.21233173076923076
2 0.8634510869565217 0.1171875 0.27309782608695654 0.234375
2 0.05491847826086957 0.5058173076923077 0.10982336956521739 0.31449519230769235
3 0.09680706521739131 0.8153125 0.16191576086956522 0.21233173076923076
3 0.17550271739130432 0.1542548076923077 0.12001358695652174 0.18829326923076922
3 0.5604619565217391 0.4406971153846154 0.10869565217391304 0.19230769230769232
3 0.6572690217391305 0.17927884615384615 0.10529891304347826 0.1903125
3 0.5015896739130435 0.09514423076923076 0.11775815217391304 0.18228365384615383
3 0.4325135869565217 0.3024759615384615 0.13134510869565216 0.2684375
3 0.2751358695652174 0.19129807692307693 0.09058423913043478 0.14223557692307692
2 0.1715353260869565 0.29247596153846156 0.19361413043478262 0.17228365384615385
3 0.07699728260869565 0.1552403846153846 0.0860461956521739 0.11016826923076922
1 0.21342391304347827 0.6660576923076923 0.09623641304347826 0.1542548076923077
1 0.4953532608695652 0.6169951923076924 0.08039402173913043 0.24838942307692308
1 0.6187771739130435 0.042067307692307696 0.10982336956521739 0.08413461538461539