3 0.49445652173913046 0.8162980769230769 0.16644021739130435 0.2423798076923078
3 0.7509103260869565 0.4907932692307692 0.12001358695652171 0.19230769230769232
3 0.8041168478260871 0.29346153846153844 0.1245516304347827 0.1822836538461539
3 0.6524048913043478 0.24939903846153846 0.1064266304347826 0.31850961538461536
3 0.4921875 0.395625 0.10982336956521745 0.19430288461538459
3 0.16779891304347827 0.4567307692307692 0.11775815217391307 0.20031249999999995
2 0.5170923913043478 0.10817307692307693 0.20040760869565216 0.21634615384615385
2 0.5969157608695652 0.5799278846153846 0.10642663043478266 0.2784375
2 0.39934782608695657 0.4406971153846154 0.07133152173913043 0.46074519230769234
2 0.1989402173913043 0.8784134615384616 0.195883152173913 0.17427884615384615
2 0.10552989130434777 0.4206730769230769 0.09737771739130437 0.5088221153846153
2 0.0878668478260869 0.09014423076923077 0.17572010869565222 0.18028846153846154
1 0.3217798913043478 0.1893028846153846 0.14945652173913043 0.19831730769230768
1 0.5578532608695652 0.2754326923076923 0.10077445652173908 0.17427884615384612
1 0.7367527173913043 0.9557211538461539 0.09398097826086958 0.08853365384615394
1 0.9230027173913044 0.5078125 0.04982336956521749 0.1462259615384615
3 0.8307336956521738 0.8082932692307693 0.15512228260869576 0.19831730769230768
3 0.7316576086956522 0.717139423076923 0.10190217391304347 0.2083413461538461
2 0.28158967391304346 0.36459134615384614 0.1505842391304348 0.18028846153846154