4 0.5434782608695652 0.4847836538461538 0.06114130434782609 0.13622596153846153
4 0.33967391304347827 0.47276442307692307 0.08152173913043478 0.13221153846153846
4 0.42289402173913043 0.8663942307692308 0.08039402173913043 0.13822115384615385
4 0.35099184782608694 0.07312500000000001 0.06793478260869565 0.10216346153846154
4 0.8820244565217391 0.16326923076923078 0.0702038043478261 0.11016826923076922
4 0.028872282608695652 0.8213221153846154 0.057744565217391304 0.21634615384615385
3 0.6136820652173913 0.3205048076923077 0.0702038043478261 0.12420673076923078
3 0.21116847826086954 0.058100961538461546 0.07585597826086957 0.11617788461538461
3 0.7716304347826086 0.17627403846153847 0.10077445652173914 0.17228365384615385
3 0.7852173913043478 0.48677884615384615 0.10077445652173914 0.17627403846153847
3 0.5893342391304348 0.18329326923076922 0.0690625 0.11819711538461539
3 0.1358695652173913 0.9326923076923077 0.11096467391304347 0.1346153846153846
3 0.024904891304347823 0.18730769230769231 0.04982336956521739 0.17829326923076924