3 0.5057744565217391 0.6400240384615384 0.10302989130434788 0.15425480769230765
3 0.8862092391304348 0.7241586538461539 0.09171195652173914 0.12620192307692307
3 0.6925951086956522 0.45872596153846157 0.0736005434782609 0.1242067307692308
3 0.9796195652173914 0.6802884615384616 0.04076086956521739 0.13942307692307693
3 0.7809103260869565 0.8793990384615384 0.08491847826086957 0.15223557692307702
3 0.7984646739130434 0.7261538461538461 0.07020380434782618 0.13021634615384606
3 0.6807065217391305 0.5959615384615383 0.06341032608695654 0.11418269230769224
3 0.7090081521739131 0.7702403846153847 0.07699728260869568 0.12620192307692307
3 0.6229619565217391 0.5599038461538461 0.05434782608695652 0.10617788461538466
2 0.6297554347826086 0.689110576923077 0.12907608695652173 0.12420673076923067
2 0.5001086956521739 0.8994471153846154 0.062269021739130494 0.2003125000000001