2 0.3110326086956522 0.4611298076923077 0.19813858695652178 0.22036057692307695
2 0.7390217391304347 0.15665865384615388 0.11436141304347829 0.12819711538461537
2 0.8562092391304347 0.22175480769230768 0.11548913043478261 0.15425480769230773
4 0.8499728260869566 0.050288461538461574 0.13474184782608706 0.10055288461538461
4 0.5657880434782608 0.1796875 0.12115489130434777 0.21834134615384612
4 0.5850271739130435 0.02925480769230773 0.11661684782608701 0.05848557692307692
4 0.6280570652173914 0.5122115384615384 0.06680706521739124 0.1502403846153846
4 0.7724184782608695 0.36798076923076917 0.06114130434782609 0.09415865384615388
3 0.7905298913043479 0.7626201923076923 0.07699728260869575 0.1702644230769232
3 0.7582608695652174 0.5853365384615384 0.08491847826086957 0.1482451923076923
3 0.9422554347826086 0.5204326923076923 0.11548913043478261 0.20432692307692307
3 0.8454483695652174 0.360985576923077 0.06680706521739141 0.11218750000000004
3 0.9524456521739131 0.06009615384615385 0.07608695652173914 0.1201923076923077