2 0.6889673913043478 0.5388701923076923 0.19813858695652176 0.22036057692307692
2 0.2609782608695652 0.8433413461538461 0.11436141304347826 0.12819711538461537
2 0.14379076086956522 0.7782451923076923 0.11548913043478261 0.1542548076923077
4 0.1500271739130435 0.9497115384615384 0.13474184782608695 0.10055288461538461
4 0.4342119565217391 0.8203125 0.12115489130434783 0.21834134615384615
4 0.41497282608695657 0.9707451923076923 0.11661684782608696 0.05848557692307692
4 0.3719429347826087 0.4877884615384615 0.06680706521739131 0.1502403846153846
4 0.22758152173913043 0.6320192307692308 0.06114130434782609 0.09415865384615385
3 0.20947010869565216 0.23737980769230768 0.07699728260869565 0.17026442307692308
3 0.2417391304347826 0.41466346153846156 0.08491847826086957 0.14824519230769231
3 0.057173913043478256 0.47877403846153843 0.11436141304347826 0.20432692307692307
3 0.15455163043478262 0.639014423076923 0.06680706521739131 0.11218750000000001
3 0.04698369565217391 0.9397115384615385 0.07585597826086957 0.12060096153846155