4 0.477241847826087 0.4887740384615385 0.12567934782608695 0.13622596153846153
4 0.8723913043478262 0.4387019230769231 0.10077445652173914 0.11218750000000001
4 0.17266304347826086 0.41665865384615386 0.1324728260869565 0.11218750000000001
4 0.25758152173913046 0.29346153846153844 0.07585597826086957 0.1141826923076923
2 0.7546467391304347 0.8102884615384615 0.17775815217391305 0.19831730769230768
2 0.6583967391304347 0.4657451923076923 0.17550271739130432 0.1903125
2 0.7886141304347826 0.5849278846153847 0.060013586956521744 0.14824519230769231
2 0.6991576086956522 0.23737980769230768 0.14379076086956522 0.13822115384615385
2 0.37986413043478257 0.9306971153846154 0.11436141304347826 0.1386298076923077
3 0.23777173913043478 0.06411057692307692 0.12001358695652174 0.12420673076923078
3 0.14379076086956522 0.24740384615384617 0.14039402173913043 0.21033653846153846
3 0.11322010869565217 0.6570432692307692 0.15172554347826087 0.2724278846153846
3 0.24229619565217392 0.9206730769230769 0.13813858695652173 0.10257211538461539
3 0.3515625 0.15625 0.08039402173913043 0.10415865384615385
3 0.5236684782608696 0.23036057692307693 0.0871875 0.15625