4 0.5227581521739131 0.5112259615384616 0.12567934782608695 0.1362259615384616
4 0.12760869565217386 0.5612980769230769 0.10077445652173915 0.11218749999999997
4 0.8273369565217391 0.5833413461538461 0.1324728260869565 0.11218750000000004
4 0.7424184782608695 0.7065384615384616 0.07585597826086947 0.1141826923076923
2 0.24535326086956527 0.1897115384615385 0.1777581521739131 0.19831730769230768
2 0.3416032608695652 0.5342548076923077 0.1755027173913043 0.19031249999999997
2 0.21138586956521746 0.41507211538461536 0.06001358695652176 0.14824519230769234
2 0.30084239130434776 0.7626201923076923 0.14379076086956524 0.13822115384615385
2 0.6195652173913043 0.06850961538461539 0.11413043478260869 0.13701923076923078
3 0.7622282608695652 0.935889423076923 0.12001358695652165 0.12420673076923067
3 0.8562092391304347 0.7525961538461539 0.14039402173913035 0.21033653846153846
3 0.8867798913043478 0.34295673076923083 0.15172554347826098 0.2724278846153846
3 0.757703804347826 0.07932692307692307 0.13813858695652176 0.10257211538461539
3 0.6484375 0.84375 0.08039402173913038 0.10415865384615394
3 0.4763315217391304 0.7696394230769231 0.08718749999999995 0.15625